-161 -120
-129 -168
-111 -188
77 58
132 -21
232 277
-111 -165
135 76
-146 -202
-106 -136
-152 -105
-90 -320
127 -52
-162 -113
-121 -179
123 7
-95 -103
-134 -275
-128 -133
-171 -130
112 -20
-110 -141
123 -61
92 -40
-126 -100
47 -13
82 209
110 97
107 92
-126 -98
75 -47
143 -30
139 -40
295 -167
-153 -128
104 -50
-82 -213
-131 -247
70 -43
-136 -94
111 -17
-88 -147
86 30
-118 -175
78 303
75 -52
-128 -122
-136 -147
127 5
-94 -192
-165 -72
-116 -172
112 82
216 -42
-107 -152
-142 -131
128 133
-128 -171
-132 -195
124 -273
-110 -189
-96 -35
76 -14
-136 -107
-79 -136
106 -22
-150 -111
85 -19
-194 -134
114 -68
63 -39
-189 -245
106 78
150 -35
103 -19
63 24
163 -28
-139 -174
-118 -125
-116 -165
85 -215
118 64
-128 -168
63 -162
-91 -121
96 110
-107 -254
76 -64
132 92
15 91
-83 -159
-135 114
120 -33
90 83
129 112
87 -14
-232 -102
277 -96
91 115
-133 -79
-131 -137
99 -3
-356 37
67 62
56 -124
-101 -166
-119 215
29 -39
-105 -126
38 -23
89 66
-165 -100
76 -30
-304 -31
-103 -158
-86 -140
94 -289
56 -11
-93 -159
130 58
70 121
-100 -201
68 -46
-150 -157
-114 -125
-134 -163
72 82
-181 -139
69 129
-165 -128
-134 -157
-135 -145
-132 -163
121 78
68 77
106 -30
-240 -57
-128 -129
-112 -113
37 -10
123 66
85 -36
-103 -43
-122 -134
-156 246
-131 -96
-169 -173
84 25
104 -8
-121 -177
131 94
-112 -139
-121 -89
117 -48
51 -37
-204 -62
-127 -158
90 -6
88 69
-103 -121
126 129
-189 -111
-120 -132
161 156
-113 -121
67 -25
85 -23
114 -17
9 70
-120 -140
73 32
105 -59
-104 -157
101 74
137 93
87 98
105 76
110 -28
-362 91
102 -72
-135 -157
-137 -147
-139 -197
96 121
-142 -153
-131 -124
111 75
120 -31
-136 -183
-127 -161
80 -31
117 78
36 -37
-145 -123
-90 -132
106 -69
118 -14
-111 -135
102 -20
-149 -151
-81 -162
-124 -155
111 -36
78 -45
100 64
-144 -115
-90 -178
107 70
-90 -176
144 92
-140 -147
-104 -140
132 63
78 -16
-127 -147
-147 -177
-126 83
79 22
-112 -172
-126 -144
122 151
-137 -222
-140 -323
-110 -159
95 -19
134 -19
115 -48
-138 -136
-137 -127
1 114
99 125
-165 -129
-167 -105
-122 378
-142 325
-128 123
110 84
139 41
-175 -96
-126 -124
111 -14
-114 -89
-131 -99
-105 -181
-164 -39
-93 -105
30 387
-128 -161
65 116
66 -59
89 -30
125 -28
57 128
-129 -100
86 44
107 134
-285 82
-135 -188
-96 84
85 -28
144 76
79 -19
82 -35
-89 -112
-85 -112
94 -371
64 0
125 90
101 -17
154 99
-106 -127
102 -11
-97 -137
88 -9
-87 -151
-142 -143
-115 -143
108 161
-85 -133
-98 -131
90 -52
87 55
-128 -100
-157 -162
58 -13
118 -16
-166 -26
131 86
-136 105
80 41
55 1
-127 -195
112 51
103 -28
-201 -87
-76 242
109 -46
-91 -146
-129 -149
76 55
-192 -28
99 -8
-86 -154
83 -27
133 81
96 -30
-120 -120
170 -146
338 -168
-97 -151
-140 -42
96 -74
106 15
-87 -137
-157 -346
119 -6
94 -57
135 97
-80 -119
150 -32
178 -121
-148 -5
85 67
-122 -24
-122 -140
118 -52
-112 121
-130 -117
219 -15
-125 -150
122 67
104 96
-126 -148
81 103
-103 -130
-101 -192
120 110
112 66
85 65
-101 -163
-71 82
113 -9
-137 -163
-122 -155
-99 -136
112 78
-15 -160
-114 -155
136 65
-139 -87
-134 -161
138 -39
93 35
-127 -27
73 26
-117 -188
69 -29
89 104
140 -15
92 115
81 -185
128 86
-179 -98
-76 -190
-121 -202
99 75
92 55
46 -43
84 -153
108 -34
-119 -111
-117 -191
80 -30
-147 -149
-98 -171
-108 -124
-95 -185
-107 -167
-124 -167
-112 -142
-115 195
-114 -108
-130 -150
-107 -164
76 87
-105 -86
-368 294
351 -151
136 30
-135 -149
-91 -157
390 -57
-127 -146
-119 -150
81 -25
-122 -172
349 66
105 120
62 100
-95 -120
100 42
-116 -21
-121 -126
-97 -123
-143 -142
-86 -161
114 90
-134 -116
75 -39
-127 -134
-159 -162
-86 -150
86 -350
-81 -125
-143 -155
-303 -161
86 -23
-177 -179
-121 -90
142 76
-165 -110
-111 -127
79 -23
-159 -127
76 73
343 -127
86 -35
-92 -139
115 -105
-33 305
-130 -181
-60 -114
83 88
4 36
-130 -130
-344 -198
123 101
297 -160
85 71
-89 -27
-84 -178
-129 -80
-117 -94
51 15
103 71
101 19
-114 -160
262 127
79 297
133 -334
-107 -97
73 127
123 89
110 8
119 -56
47 -26
108 102
85 -51
91 -27
134 76
-127 -134
-81 -130
-121 -209
-122 -107
103 4
-270 83
-187 -118
-123 -196
135 -59
76 -21
-84 -158
-155 -153
-124 -178
118 66
-156 -291
-110 -112
-114 -118
136 63
-122 -113
57 -6
-79 -117
-157 -122
-86 -117
-146 -107
-100 -158
-167 -99
100 19
66 -68
-141 -108
109 96
-88 -157
115 -35
-129 -83
70 -16
-109 -229
118 -15
-133 -119
52 -15
108 70
-111 -151
-115 -171
-103 -103
124 138
65 98
81 -27
-178 -129
-114 -141
58 -66
-133 -137
-312 -156
136 95
89 97
-116 -184
101 7
-135 -173
-166 -199
-142 -95
79 52
103 -35
-169 -131
-138 -131
-122 -186
99 -89
-111 -95
133 108
-124 -141
-152 -155
-153 -132
-147 -149
-145 -132
54 -354
-106 -145
-113 -330
283 -13
-225 -116
-123 -127
80 127
-140 -188
-114 -132
155 81
-142 -183
128 65
111 -206
99 117
132 -236
102 108
-99 -133
85 -202
-119 -145
135 84
-359 -149
-81 -89
96 82
94 -6
121 -5
-75 -148
103 73
66 -3
-108 -126
-70 -114
99 82
-119 -134
85 -55
81 -143
65 63
58 -186
-112 -202
144 64
-119 -148
26 -15
111 -12
-82 -135
132 -344
237 -192
-142 -136
-124 -121
64 76
-109 -134
-112 -221
-135 -128
-126 -110
104 -8
-96 -213
-143 -181
122 -17
50 -358
-158 -130
56 70
81 -34
93 322
87 -5
-115 -97
-151 -133
-134 -129
-110 -10
-107 -142
69 252
156 54
-128 -139
-113 -155
106 87
-168 -119
96 -15
-139 -166
92 -26
75 -1
-147 -168
60 -25
89 -308
-96 -157
-25 -146
-145 109
87 -48
64 -67
84 94
-115 -144
-128 -133
90 -59
-80 -105
0 62
-168 -119
-114 -168
-98 118
-154 -134
92 34
-94 130
-136 -140
-133 -114
105 -290
52 -68
105 -53
-137 -192
-85 -196
-118 -101
132 282
-119 -137
-149 -302
115 -51
-125 -93
109 -8
34 -64
95 -6
-144 -153
105 115
54 -33
109 16
-87 -139
-126 -118
-77 -118
124 91
-138 -105
67 90
88 11
-93 394
-110 -163
-123 -149
-263 3
-152 -336
65 28
73 133
-143 -122
118 -35
-157 -181
-105 177
106 -18
230 -130
334 -146
113 -42
106 91
107 -11
-152 -144
-167 -147
102 -77
-142 -139
-67 -173
-93 -184
138 95
-161 -155
107 -30
28 110
-30 -30
89 67
-119 -142
-119 -165
-148 -138
-105 -125
108 5
88 73
262 -27
104 -44
96 -14
89 -37
-177 -180
176 67
-140 -175
-108 -161
96 8
86 79
-90 -142
86 -8
-136 -119
133 -71
127 118
102 -14
-89 -165
190 -49
-245 245
-91 -134
-124 -173
104 -291
-135 -236
-130 -95
109 59
-190 13
-101 -152
-161 -156
112 7
79 38
109 -44
98 -42
-124 -189
131 293
90 -378
121 -29
-105 -340
267 -278
-92 -128
-106 -100
-133 -142
25 -42
65 -27
-105 -142
-57 -32
70 -20
-128 -150
-105 -145
-123 -130
-102 -141
-248 -104
-124 -216
133 133
-219 108
-119 -144
78 132
-110 -203
132 84
-100 -165
82 340
90 27
81 -27
-118 -87
-70 -174
117 111
81 100
-121 -131
-131 -184
-111 -136
98 44
-241 -34
132 -275
-141 -195
88 23
89 235
-80 1
-112 -128
-140 -92
-112 -151
-130 -145
-208 243
-163 -108
111 -389
-90 -96
77 -48
-128 -177
74 -25
76 -11
102 -35
-136 -159
62 -32
-83 -115
-75 -148
144 33
-81 164
-122 -98
109 90
-92 -184
100 -23
-162 -71
141 92
-100 -133
-149 -99
-154 198
-113 -146
70 101
121 37
126 87
-133 -203
-88 262
-173 -157
-160 -174
-92 -115
101 30
-188 -148
-145 -95
118 2
147 87
129 97
93 -30
-96 -182
61 -40
-153 -185
-124 -142
-253 -61
41 -65
-137 -78
-129 -122
-114 -131
-138 -191
-147 -155
77 -28
106 54
-93 76
122 87
-100 -182
-66 62
65 -31
85 -30
-123 -144
94 80
-106 -146
95 -9
-142 -98
140 88
82 51
-139 -144
-137 -130
69 77
116 -19
63 248
78 -13
305 72
-146 -99
-161 316
-114 -187
-145 -135
-151 -106
-116 -131
118 -111
111 103
66 87
101 70
-341 -69
114 -180
-105 -165
-284 -195
-107 -145
105 74
150 70
131 66
-156 -154
353 -158
-98 -141
-153 -158
285 -150
-93 -138
-97 -68
80 -34
-83 331
73 -49
-132 -96
123 -189
89 92
-95 -136
-136 -122
144 82
-126 -107
92 -35
-209 -90
-76 -124
-138 -164
68 -60
-138 -143
74 -22
-110 -117
149 85
-143 -178
321 -27
62 106
-144 -140
-84 -196
-400 15
184 3
103 9
-134 -106
-84 -126
-125 -143
-153 -373
90 148
-170 -153
-154 -136
-73 -63
-150 -156
-113 -46
39 -28
87 367
117 243
121 72
-134 -194
-87 -149
-102 -147
-139 -120
-129 -113
133 111
114 -38
-387 -131
-104 -151
88 -10
96 98
-150 -121
-132 -104
-124 -161
99 -18
98 -42
70 257
138 112
-141 -198
-110 -133
185 -165
-102 -369
113 -177
48 -159
-104 -177
161 63
122 -10
115 2
-117 -184
-117 -132
151 3
98 91
120 190
-156 -183
-101 -161
83 132
-102 -115
5 -242
-164 -170
113 96
256 52
-138 -120
122 16
-252 101
-128 -318
-128 -136
-99 -106
-101 -2
-113 -97
-126 241
-111 -145
77 30
61 -37
141 32
81 118
95 7
-73 -133
-129 -153
-139 -84
-113 -173
-95 -165
120 -4
93 94
120 3
-58 -136
99 -44
-123 -120
81 -65
85 76
230 -30
-164 -123
-144 -135
-115 380
-101 -125
129 99
109 122
114 106
-105 -147
69 39
97 -117
-106 -126
-75 -151
139 49
138 313
-89 97
45 -48
-98 -130
115 74
-135 271
-123 -125
103 2
-77 -151
73 -59
91 -35
-88 -179
101 -28
-133 -128
86 118
122 70
-121 -127
-67 -146
-74 -174
206 81
77 -30
-138 339
-148 -182
-110 -131
111 85
77 11
84 64
-107 -170
-132 -162
-126 -154
-137 -172
106 48
126 54
-118 -157
217 -122
-111 -199
149 111
120 103
-144 -122
125 48
107 -68
84 72
-159 -115
-115 -171
-113 -117
-113 110
-60 108
148 -30
141 -58
-116 -177
100 -36
118 4
-75 -186
-133 -108
-129 -96
-77 -157
163 -273
102 -50
-115 -130
103 131
-190 92
-114 -171
76 -16
101 -61
105 68
-119 -105
-118 -246
69 -53
85 -168
85 -33
-98 -100
115 88
-93 -185
-105 -95
-138 -138
107 98
82 75
-129 -143
89 86
-102 -176
-85 -119
74 -41
-161 -103
-101 -128
-98 -160
-135 -160
-114 -102
127 100
-146 -154
63 -39
-105 -132
-157 -342
-118 -117
138 -4
-88 -133
-83 -142
90 -357
119 90
-92 -145
67 -53
-196 -113
-106 -159
113 -41
-152 -177
-136 -101
165 77
108 -23
95 71
-147 -164
75 70
124 93
-123 -126
105 102
-346 -37
-116 -161
-85 -171
130 73
129 55
-124 -129
-83 -142
107 77
-137 -151
-153 -143
-115 -139
119 85
-116 -144
-135 -119
66 -37
-134 -147
-133 -152
80 104
-115 -155
-150 -165
-95 -161
68 63
-312 102
99 -33
-134 -145
-151 -99
-129 -124
99 394
-147 -158
102 93
134 385
-165 -17
112 53
-48 -152
-75 -177
-120 -146
-137 -128
98 97
117 58
-126 -88
133 57
-142 -137
-175 -143
-159 -265
-149 -133
-73 -123
102 -11
-125 -135
86 74
77 -55
121 40
-117 -184
83 -46
268 15
129 72
112 78
52 -49
92 54
127 -33
101 63
102 -37
128 66
115 -30
-112 -112
102 50
75 -18
-108 -149
94 72
-80 -164
-122 -85
-160 -134
172 -222
-94 -139
-112 -155
114 -19
131 110
-121 -109
-110 -127
130 169
38 -47
-106 326
-124 -163
-133 -38
-131 -169
95 -5
-102 -158
110 126
118 102
-133 -179
46 2
108 93
148 49
92 -379
-136 -103
-236 41
-133 111
104 3
-82 282
-146 -121
97 -137
-89 -188
-123 -109
128 -2
92 93
-132 -42
-166 -132
104 129
381 -35
-83 -148
-115 -182
-94 -101
-116 -173
-85 -156
171 93
88 67
106 -31
124 289
-80 -164
-152 -152
-150 -123
124 83
112 -1
-117 -139
105 61
-95 -129
-129 -159
78 -9
70 -18
-139 -145
-161 -129
-157 -92
-102 -143
-113 -105
119 -53
-98 -125
342 -127
135 59
-167 -96
-263 -85
-99 -138
-110 -151
-95 -162
-151 4
-84 -171
-105 -137
-92 -148
-95 97
-99 -178
61 1
-144 -175
-150 -143
67 -24
-125 -133
-230 -44
119 -6
-181 -165
48 -5
-159 -197
-108 -143
-106 -155
149 39
138 33
-163 -163
95 125
85 -22
-152 -170
-132 -188
-382 -174
-122 -108
64 -4
114 89
-136 85
116 -32
-130 -174
-132 -124
-136 -128
92 -70
-114 -155
-141 -138
-129 -142
-142 -157
-165 -117
93 4
274 19
-103 -137
92 -291
-285 92
138 -15
94 89
103 60
54 18
-87 -114
-167 -155
96 -14
60 105
-128 -171
94 61
66 80
88 126
90 -41
89 92
-116 -146
275 46
49 -17
105 7
61 41
77 -47
103 62
267 -175
-123 -128
-144 -176
-156 -139
-124 -108
66 -28
-101 -136
-114 -113
-115 -91
106 -27
-120 -152
121 88
91 45
38 -13
-115 -216
122 104
187 -51
140 93
393 -137
105 -8
-129 -131
100 -49
-81 -125
-116 -216
-295 -155
-126 -145
116 48
73 88
114 -34
99 87
93 56
110 1
84 -16
117 100
65 29
-119 168
113 70
79 85
125 -1
144 106
134 -368
105 -47
-165 -153
120 113
83 86
-89 361
54 -22
334 -139
115 -13
105 12
111 73
-141 -165
-95 -114
-190 106
87 93
-142 -132
74 129
-133 -168
116 82
-102 -139
113 2
85 -124
-100 -137
13 -142
51 10
-114 -169
62 22
-124 -135
-129 -138
-136 -120
149 100
-143 -119
-133 -101
95 -67
110 -278
-118 -162
118 99
106 -2
-146 -196
105 -49
-89 -105
-124 -155
-205 -20
-115 -175
57 -2
101 6
122 269
-150 -179
298 -175
79 -22
-95 -360
-114 -149
-137 -168
-59 -202
-121 -153
48 -9
-123 -108
-132 -98
87 374
-145 -150
-199 62
135 140
-104 -152
-129 -124
-118 -152
-99 -143
66 -31
53 105
146 68
-83 -172
86 115
-115 -170
131 -110
-163 -147
-121 35
90 -20
-140 -154
82 178
137 75
-150 -155
-224 101
38 71
-116 -157
-109 -125
-388 -68
-107 -159
74 -40
-126 -217
72 -51
-354 -111
-120 -157
-72 -117
-293 67
-112 368
-86 -189
-122 -143
113 93
114 91
121 -11
173 -110
-133 -179
-89 -130
-112 -180
95 -192
358 -131
368 94
-98 -151
113 111
73 334
-129 -157
92 87
121 128
50 48
-93 -158
93 102
44 -13
-157 -135
-120 -84
52 -21
88 -12
123 -39
110 -50
78 11
-119 -135
-91 -144
95 103
82 -30
-151 -132
201 -1
112 123
-120 -121
-113 -383
-127 -113
133 57
103 39
93 -42
72 -26
-110 -118
-118 -135
76 -27
-129 -107
94 108
-129 -164
92 91
98 113
99 -30
-161 -109
198 86
113 68
-141 -112
51 72
-103 391
121 -32
-155 -145
101 46
335 -180
98 5
122 -27
121 126
132 -57
65 -54
-130 -185
91 12
111 -45
259 -332
-142 -94
118 52
-296 -146
-85 166
79 95
62 -26
-122 -134
-117 -175
91 -47
-103 -143
-91 -121
258 102
157 -371
-118 -141
-163 -104
91 10
-127 -200
-147 -176
-143 -160
-218 -208
-110 -165
105 119
124 -41
-117 -158
-104 -138
-276 1
-151 -128
97 7
-141 -111
-143 -146
-155 -107
-110 -161
-147 -133
128 120
135 250
89 140
-125 -91
-132 -112
-288 -125
105 -33
128 -60
126 60
-133 -126
78 119
107 60
93 62
111 -37
129 99
-60 -130
98 78
88 12
-86 255
121 67
97 206
-121 -155
87 -34
88 91
-127 -190
-119 -123
-137 -167
71 -62
-86 -135
-116 -121
92 -26
66 -8
129 89
109 111
102 -38
-147 -140
82 -31
134 80
-162 -126
88 -292
97 -3
-119 -175
113 50
101 78
-152 -151
92 -34
-125 -216
-154 -179
-139 -121
-145 -147
-130 -146
-127 -158
-37 -161
168 -140
77 255
-173 -112
-90 -53
221 81
96 59
-229 -124
-131 -119
97 -329
66 87
149 80
70 49
-243 -126
109 -77
-144 -197
58 120
55 -3
-52 -190
146 -67
41 66
104 -55
-169 -173
-111 -176
-125 -129
-310 43
-162 -148
-126 -151
52 -16
-156 -164
-113 -47
-156 -149
98 287
114 115
135 93
-155 -132
-105 -191
85 -41
113 -230
-124 -96
-178 -155
108 1
99 119
59 -9
-104 -72
-118 -139
115 66
73 78
-78 220
55 -179
80 54
120 71
96 -12
162 65
18 7
90 -34
-107 -146
96 -196
-146 -111
145 95
59 73
-141 -108
-126 -225
-162 105
-86 -166
-147 -150
103 72
-353 130
-67 -178
78 111
104 -13
-98 -144
-82 -177
-130 -117
108 82
93 -47
198 -98
115 97
-129 -135
95 51
63 -42
48 113
-186 -153
-108 -187
82 -17
84 176
-283 -144
-91 -178
-102 -129
371 0
148 101
126 -14
104 77
97 6
-108 -147
40 14
-107 -132
-159 -187
-88 -143
121 53
-81 -108
123 84
95 96
-99 -144
113 -37
97 74
-168 -122
-80 -135
-110 -79
91 -22
138 102
-122 -157
-104 -114
116 -143
106 82
91 -69
-123 -149
-123 -158
-99 -152
-106 -190
-86 -118
-94 226
-144 -187
-126 -105
-139 -118
133 -30
-100 -100
121 85
95 -89
-125 -157
83 -8
-136 -138
54 -74
-151 -133
-118 -190
-104 -176
-125 -113
84 80
142 99
-92 -165
121 -33
-175 98
-110 -181
127 45
-80 -130
-168 34
-114 -96
-97 -169
101 -44
-92 274
-270 -177
-124 -92
-77 -172
-120 -188
163 -169
-140 -187
135 45
71 126
-118 -130
142 59
-115 -111
-135 261
82 -49
136 131
69 -14
314 -89
-106 -125
101 169
-84 -144
128 96
-76 -118
-35 -132
276 -2
131 116
111 -53
115 1
-126 -159
-111 -161
88 -22
-137 13
89 15
-109 -114
95 71
103 15
105 105
-126 -161
343 -96
-167 -136
100 52
128 -30
135 -32
140 61
108 -108
-131 -170
-132 -155
-101 -103
73 -96
-129 -125
102 63
-116 -173
-177 -115
-386 -119
-144 -141
-132 -88
94 56
127 30
-127 -170
-98 -137
-86 -75
-119 -110
84 68
116 -56
98 -53
107 -1
-131 -136
162 107
-139 -155
-153 -106
-118 -89
-122 -104
87 -69
-199 -145
91 -35
124 109
-121 -115
83 99
-108 -173
-217 -173
136 106
63 88
86 25
-144 40
-147 -144
-106 -112
144 93
101 113
-12 -22
-141 -129
83 83
127 89
-139 -156
-157 -106
-138 -179
79 -21
-98 167
242 -142
133 112
-132 -199
-130 -119
99 71
84 -35
-116 -165
112 105
40 -7
-134 -85
-104 -156
-133 -203
-98 -148
-82 -204
-105 -136
132 -23
106 -219
-341 -3
-117 -175
-159 -164
-87 38
-128 -315
107 -28
-86 -49
-44 -172
111 119
119 94
-150 321
-101 -171
-88 -153
111 -80
74 21
-85 -77
80 92
-100 -106
-165 -122
131 -36
335 -162
76 75
-87 -124
-158 -121
97 28
122 57
76 -28
-159 -172
90 -24
376 -139
116 310
108 -16
91 101
-171 -142
-65 -168
-80 -234
94 -17
-132 -175
-111 -136
-155 -97
-141 -164
-117 -133
-135 -122
142 62
-122 -140
83 43
-94 31
-116 -172
91 108
-163 -94
59 -199
-116 -102
-110 -133
129 -51
-135 -138
-98 -124
-118 -183
107 17
-134 -165
50 91
-219 14
97 62
-162 -124
127 67
78 182
-94 270
96 58
-115 -176
-118 -144
96 -8
111 84
-100 186
-141 -181
-144 46
-94 -170
-140 -245
-218 114
-109 -110
-106 -137
85 -81
-170 -159
90 11
-130 -99
-129 272
-91 -155
106 84
84 89
88 59
16 -134
79 103
89 59
-173 -141
-78 -138
78 -49
-108 83
-127 -169
76 -17
-146 -101
83 -22
-158 -127
-96 261
-164 -178
77 88
101 -152
-124 -153
150 102
138 -38
111 0
-114 19
195 -128
-108 -186
-104 -144
83 86
-96 -142
-116 -117
-100 -143
131 -28
-108 -173
-160 78
-47 -124
103 72
-145 -113
120 145
-116 -126
-113 -127
112 -25
-148 -206
267 69
-129 -128
107 -3
-91 -165
-160 150
-142 -132
-38 -381
-113 -197
-130 -134
108 9
92 0
151 -58
-105 -149
108 -18
-118 384
74 93
-127 -120
-121 -160
-94 -177
-121 -129
-181 -121
-361 -151
-170 -166
161 59
-91 -132
73 -344
-76 -121
-114 -135
72 73
61 -16
-106 -169
388 -150
130 8
112 -324
122 46
-180 -143
-111 -138
93 340
-127 -172
-110 -94
-104 -179
-142 -78
-156 -171
-130 -126
-110 -100
-290 -131
110 27
157 59
-120 -195
103 26
-146 -83
114 -21
-156 -160
11 -82
-29 89
329 74
-114 -121
-90 -149
-101 -106
-108 308
-147 -154
-206 -185
76 -67
102 0
311 -159
114 -30
128 130
340 -182
100 -24
-86 -151
-94 -167
-126 -148
-34 -155
-131 -123
89 -131
64 -42
27 -65
113 -41
100 16
120 -7
-113 -137
89 -4
-119 -142
-146 -157
-120 -123
-262 -50
-112 -127
-162 -189
140 85
-122 18
-117 -109
-98 -103
-95 -138
-118 -111
-124 -137
100 -4
111 -40
-136 -153
136 92
-152 41
119 -91
101 384
-113 98
-123 -187
212 71
-374 104
113 118
125 295
134 83
-157 -150
-83 -152
150 42
-212 -135
-152 59
81 109
74 337
-43 107
48 347
-125 -111
-114 -170
-85 -91
-136 -153
-108 -131
-108 -98
-117 -150
-92 44
-106 -196
-302 -162
25 -24
81 100
-112 -150
-106 -139
-108 -73
101 -55
-144 -120
-130 -110
118 122
-253 -167
110 13
106 -27
129 96
120 70
-121 -196
-145 -135
44 -127
-85 -202
-130 -126
-331 -138
-158 -103
-155 -108
-132 -154
-138 -165
106 39
125 79
-161 149
144 78
-121 -146
-113 -132
-155 -126
93 -38
54 307
-141 -148
77 62
-87 -170
-168 -139
-172 -160
-155 -138
-102 -81
-106 -118
-104 -165
-125 -127
-107 -153
140 -162
71 76
-142 -91
-134 -145
124 -42
-232 84
83 70
105 66
115 90
67 -56
129 75
137 42
-117 -121
-101 -85
49 62
69 -19
-107 72
-118 -167
107 125
110 -34
-111 -177
-156 -178
98 -56
94 -47
-113 -132
-140 -100
98 -37
120 -134
-111 -179
124 114
117 110
111 92
159 101
128 95
119 79
100 -339
-139 -178
-100 -183
-122 -102
-119 -120
-138 -191
-118 -168
91 -15
93 -19
72 -39
101 81
48 40
123 3
-98 -148
-122 -95
86 129
132 49
-114 -125
-148 -149
115 -268
97 -267
110 95
116 -4
-88 -112
93 121
100 160
121 136
-136 -168
34 -65
-168 -153
73 73
102 -69
-90 -103
90 74
209 -151
95 -88
237 -208
77 -37
-100 -163
76 -59
27 -2
70 101
101 85
-77 -133
-115 -124
-107 -119
69 -138
92 -153
-36 -111
111 -61
-137 37
-106 -150
-114 -89
120 110
101 -10
-126 -121
109 64
-164 -149
78 -2
69 9
-306 -187
228 -179
-57 -144
55 -57
-145 -108
138 -27
242 -4
-128 -107
81 -26
-101 -158
-117 -168
-147 -170
66 41
-117 -19
-103 -130
-142 -167
88 -33
89 137
56 -43
96 75
-148 -121
-137 -145
87 15
142 77
-124 -138
332 -114
127 52
-381 -37
-149 -194
-73 127
-118 -363
-162 -117
238 -145
-148 -185
-114 -198
87 163
128 91
87 -365
141 -273
120 108
258 -138
-137 -147
-133 -118
95 99
62 106
-78 -127
-103 -134
129 70
81 -57
-144 -94
153 -43
123 11
-123 -139
-127 -133
-132 -174
54 -9
-321 -168
82 72
239 -168
-124 -151
-140 -99
-126 -160
87 -51
-148 -135
-76 -172
-139 -178
153 81
105 -46
-148 -369
95 -30
353 -369
93 -62
-246 52
98 -54
-131 -152
-76 -165
-144 -41
-107 -123
-132 -185
-134 251
98 -141
-145 -118
-97 -124
81 133
-128 -134
132 78
-177 -55
-148 -154
91 78
-143 -179
126 92
99 97
-90 -140
120 322
93 -31
80 -18
119 79
-151 -138
99 -31
-114 -149
144 101
-183 -163
57 25
-142 -173
108 80
66 -11
-127 -137
104 80
73 4
-92 -132
159 51
-351 -120
108 -41
-138 -151
64 -156
-55 -146
-174 -166
76 77
-147 -137
133 52
59 -19
97 84
-96 -155
69 75
-292 -161
-121 -153
108 17
-109 -143
-84 -253
-114 -93
-102 -142
-175 -167
110 -18
93 147
-156 -170
143 41
102 348
-135 -113
61 -27
-211 101
94 116
42 55
90 -20
-261 -168
50 34
-83 -142
-146 -118
-205 81
108 -242
-150 -177
-171 -142
85 56
108 53
-144 -116
-152 343
93 -47
145 -31
121 117
-147 -186
-97 -154
-120 111
80 104
-124 -131
142 -16
-83 -149
71 37
-155 -137
87 -48
-122 -298
-116 -164
-135 -132
-101 -106
91 -46
100 -242
79 -10
-252 56
-148 -237
113 -7
-119 -95
-139 -128
-118 -165
100 85
119 105
120 -40
80 -200
370 -69
125 84
-153 -145
174 100
-127 -177
69 89
-178 -389
115 115
-147 -138
-128 -104
-136 -176
120 85
98 83
104 78
-119 -116
68 19
-124 -145
-84 -156
-83 -137
62 -37
-121 -240
154 82
118 82
-114 -160
47 11
357 -169
-116 -126
-139 -128
-134 -159
133 128
-96 -139
108 105
94 -26
133 99
118 76
92 62
-83 -157
-145 -162
124 87
-115 -171
-122 -155
-80 -162
-131 -114
284 -120
-94 57
-97 -106
101 89
-217 -119
112 -7
-95 -178
-116 84
100 13
-135 -118
-129 -122
108 90
-98 -182
89 -44
-86 -263
-86 -139
-85 -172
-124 -120
35 -10
-112 -138
-103 -180
77 -8
-139 -107
127 -36
96 -56
135 123
-127 -148
-137 -114
-105 -164
82 -124
-116 -158
119 67
-135 -133
167 -31
61 114
37 87
-189 -27
-115 -104
99 -25
96 323
4 13
-156 -152
142 -52
-98 -159
101 114
-140 -101
134 107
111 84
-127 -165
-19 -357
-110 -144
127 385
-129 -118
-160 -139
97 6
-156 -141
196 -125
143 97
84 -68
-272 286
-105 -131
49 -35
85 -41
-112 -125
-208 65
-97 341
97 68
352 -97
114 64
101 -17
-99 -163
-181 -196
68 61
-109 -166
-115 -159
-89 -155
-105 -138
93 62
-89 -168
-115 -112
-105 -162
-67 112
112 -2
-116 -175
252 -180
-150 -148
116 -110
219 -22
-129 -223
-130 -85
120 59
-106 -117
-110 97
100 4
93 -15
-147 -175
-74 -146
-139 246
-136 -138
-79 -140
-114 -142
-120 -145
-110 -275
-307 -156
130 87
84 -42
115 87
301 101
48 279
88 50
-93 -159
91 101
84 6
75 86
67 -21
91 -122
113 -35
-130 -163
-104 -26
-78 -139
371 -167
-97 -144
110 87
92 329
98 133
155 112
144 102
68 -39
-80 -156
93 -29
-163 -88
-151 -152
122 -52
106 -38
-213 -187
-153 -190
-86 -163
-123 -163
-148 -107
-145 -150
65 -21
52 -39
92 84
-159 -128
-400 -120
-99 -193
100 -16
-145 -90
104 -69
-139 -148
58 5
85 103
-127 -176
-127 -150
-119 -145
110 79
-133 -115
99 300
-99 42
-108 -167
-147 -94
-143 -179
-94 -170
-122 61
-100 -159
-101 -66
-105 -169
152 -8
141 -51
52 41
126 248
175 -8
-114 -156
73 -17
123 91
121 115
91 123
-149 -155
110 45
-78 -163
69 -26
-71 -163
142 93
-156 -135
-132 -119
93 99
116 62
116 85
-101 -145
26 -44
-153 -170
86 -42
117 133
93 40
-149 -132
126 37
-146 -68
-138 -99
-161 -140
-149 -180
120 -4
-103 -144
-122 352
221 84
-120 -114
-288 -18
74 -9
252 -120
115 32
-152 -162
90 -19
-104 -143
98 -12
91 0
107 367
122 -161
-108 -100
-126 -197
-127 -93
-263 91
41 -20
140 136
-166 394
-114 -148
35 -7
-116 -141
116 -18
-145 -145
71 79
47 -1
79 86
69 130
107 132
-69 -160
91 93
99 -4
117 -11
111 -67
-111 -144
-138 -119
71 -19
63 4
-114 -119
-138 -189
84 108
79 -24
87 -50
-120 -105
-134 -160
99 26
80 58
-158 -124
-108 58
115 34
124 65
-224 -55
117 127
85 -388
78 -37
110 92
-97 79
120 -37
-142 -131
120 -2
-155 -110
109 366
-94 88
102 -32
171 -204
-123 -134
125 62
-151 -123
145 75
-34 -143
82 98
-85 -110
-78 -183
-133 -173
-140 -107
-143 -160
-120 -151
135 71
73 -15
83 1
-137 -121
128 67
-109 -111
-90 -110
86 -61
-144 274
115 49
-136 -45
-147 -157
-132 -134
79 -27
-79 -161
-184 -102
104 -69
96 85
-76 -148
147 0
-96 -154
123 -26
124 82
54 -151
83 81
-161 -145
107 -131
13 -131
-102 -129
-98 -128
114 -20
126 -6
-131 -106
-111 -193
-91 -60
-137 -104
109 -28
120 100
146 82
-116 -146
106 -18
156 87
-235 -62
-168 -89
-136 -128
-99 -143
84 -63
-131 -139
85 -29
87 -35
-121 -126
196 -173
-105 -170
83 -39
-92 -151
-126 -94
93 -14
68 366
82 1
-104 -122
-173 -60
87 5
109 75
83 84
94 100
-153 -12
-107 -116
158 98
-135 -111
110 84
193 -175
73 78
104 -28
-57 -135
78 95
137 52
-122 -187
111 -31
-120 317
141 110
-157 -145
-67 79
90 95
158 101
53 -62
95 8
-110 -148
107 -19
40 -2
83 110
-135 -129
287 61
-156 -143
93 96
102 -8
33 -139
245 38
82 104
-44 -184
-90 -156
-144 -131
-95 -163
-106 -117
100 -2
105 -343
-121 -167
-132 -186
101 94
-124 -153
-103 -139
-165 -159
-141 -157
-131 232
106 64
-115 -156
-150 -218
119 -39
266 4
-112 -119
129 -24
-143 -98
-151 -145
-148 -182
126 362
91 -36
-292 -54
106 91
151 114
-156 -153
119 -19
132 102
88 -79
-150 -89
-145 -127
-116 -177
-109 -194
95 -8
170 93
-117 -118
105 -3
-88 -53
-159 -153
-260 -117
-146 -120
-97 -206
-147 -100
-288 -34
-140 -180
63 11
81 -54
-118 -151
95 111
-98 -156
105 -33
112 -5
-123 -181
107 53
-146 -36
61 -13
114 -14
100 -248
-63 -180
-92 -166
78 55
-114 -185
-121 -158
137 132
-105 -180
118 85
87 69
75 99
-109 -154
-123 -131
-119 -124
101 80
-183 -159
31 95
-104 -167
32 -30
95 -55
102 107
-160 -133
-130 -331
115 -41
70 8
130 -20
-131 -100
115 -224
-151 -153
-85 -159
92 61
77 93
-140 -56
110 346
-133 -164
-158 -125
115 50
103 -28
99 -10
-132 -171
-132 -173
-157 -138
-102 -146
153 -23
84 61
-125 -196
117 93
-121 -165
104 83
-132 -180
103 63
133 62
-165 -117
100 80
268 -113
-127 -89
131 -34
138 48
95 83
-347 -16
-122 -150
-133 -168
77 -20
-251 -105
128 89
-114 -192
-158 -92
-142 -120
-143 -165
-79 -115
-153 -146
41 -150
-131 -115
-120 -124
-162 -122
-123 -142
83 111
52 -368
-113 -151
-141 -134
96 358
-132 -202
87 -15
-103 -137
-149 -148
-72 -384
-134 -134
152 -55
-104 -118
-124 -88
101 106
107 95
89 3
145 379
-154 -188
121 -41
-101 -121
110 129
107 -125
387 -148
115 56
-152 -223
-125 -140
-118 -149
-246 82
-126 89
122 6
100 74
-101 -127
-132 -105
-129 -176
-143 -120
89 -5
-113 -217
-125 -154
254 -169
-121 -150
-107 -119
-144 -96
119 10
-129 -151
-134 -102
243 -2
111 30
104 133
87 92
120 134
-153 -35
124 -43
122 64
-126 -126
-139 0
-112 236
-141 -137
-130 -115
-134 -157
-99 -160
92 -28
44 37
309 -104
103 69
-147 -142
-162 -196
162 50
124 95
111 -23
102 -38
-105 -110
-94 -109
-148 -141
-100 -114
116 -52
127 68
-84 -153
-180 -152
129 10
87 -3
107 92
95 -87
74 -41
-159 -149
148 -39
-134 -76
86 104
-77 -126
114 40
-86 -112
-103 -136
118 78
118 61
-117 -136
-84 185
-149 56
-118 -183
120 50
145 -39
122 -32
88 -45
123 62
90 -29
-156 -154
-107 -146
105 77
-166 -158
-88 -85
93 14
82 194
100 -65
125 -3
97 27
-93 -125
-125 219
98 69
-157 -101
-113 -93
-113 -194
86 266
89 9
72 -42
114 -10
144 -30
-103 -112
-103 -159
78 18
138 -342
-176 -190
93 65
122 253
-93 -124
133 -15
90 -291
91 190
82 -54
130 -66
362 -148
96 66
88 -63
89 102
102 -34
86 101
59 -58
-138 -101
128 69
101 -13
-96 -117
104 -27
-142 271
74 -38
126 -26
-106 -89
69 102
304 -81
-122 27
-125 -91
76 190
76 -144
-140 -151
-136 -102
268 80
-362 105
65 -269
130 55
-122 -119
-106 -111
152 -145
147 106
-181 -159
103 88
-126 -143
74 -37
-123 -112
88 -43
-110 -156
119 77
97 -41
-102 -125
66 3
-143 -116
-150 -128
121 -12
-119 -124
109 12
-77 -122
74 49
-118 -99
262 -127
77 5
112 39
92 87
100 -100
78 16
313 -51
-104 -157
142 -126
366 -139
-120 -139
-92 2
-148 -127
93 -17
-91 -175
-98 -172
118 98
-94 -144
-143 -169
107 -79
85 -19
119 -36
96 83
67 355
89 17
-125 -171
28 25
-148 -154
47 -25
-189 64
89 3
-99 -134
-113 29
-134 -116
-95 -126
-161 -138
116 -34
125 135
111 -23
110 4
-380 -388
68 57
-95 -168
135 -122
329 -3
-147 -116
-118 -161
80 116
-105 -159
-175 -191
82 -27
34 -8
93 85
-115 -54
112 67
-86 -109
108 108
64 335
70 5
250 134
119 15
-82 -102
132 -14
116 112
-121 -129
-145 -173
105 -46
-118 -135
146 94
62 -31
-160 -115
-176 -140
27 -176
-150 -153
98 77
93 56
-77 -122
62 -42
-172 -243
106 46
-94 -137
116 310
34 -40
102 88
74 87
103 19
-141 -160
104 130
71 -3
105 -41
87 97
-124 -132
80 143
107 -58
155 53
-116 -143
94 95
110 104
116 98
-116 -141
240 -9
-166 335
-96 -155
101 -315
99 84
102 121
-131 -128
110 -35
112 78
-114 -157
93 66
104 97
126 -183
101 99
-108 -125
101 -319
-131 -126
63 -24
81 63
69 -69
134 -48
123 -62
91 -38
-147 -65
5 68
-120 -131
-167 -79
95 107
-352 -3
-130 -162
132 84
99 90
-138 -81
251 -29
-108 -60
358 129
54 38
-103 -126
73 -58
-113 -174
103 97
122 93
123 114
79 82
-134 -117
164 76
79 -80
-128 -139
101 73
118 103
36 111
-105 -210
112 88
86 -70
-118 -161
-142 -155
116 118
94 79
-111 -102
309 -329
75 55
75 38
-79 -187
-303 342
71 -65
-101 -134
-119 -107
-117 -121
123 -23
-172 -136
139 88
87 -114
-126 -83
132 90
85 -32
104 -29
-153 -168
-141 -155
-128 -172
103 -2
96 -296
102 -8
-135 -133
-112 246
-101 -147
102 -285
-111 -151
153 84
108 -23
-114 -154
89 111
116 82
-115 -187
-108 247
100 60
-150 -178
296 -182
-138 -102
103 -29
-180 -147
-148 -113
-133 -183
-149 -122
-114 -154
136 70
397 100
91 -31
-121 -115
81 -28
94 64
-292 59
-115 297
129 -23
355 -11
-111 -134
41 -15
-113 -163
-98 -130
100 169
122 74
-142 -128
142 26
-133 -144
123 -249
-172 -123
227 -119
155 -26
113 71
68 111
77 -1
-93 -156
-169 -101
97 -19
120 95
113 -193
-81 -122
84 57
-42 -184
249 -110
-165 -126
-127 -179
103 84
-104 -125
-128 -201
-79 69
118 -19
-55 -155
-91 -180
-172 -128
-131 -115
-99 -96
122 -15
-138 -132
-125 -64
139 -17
-62 -213
133 80
104 95
-125 -139
-122 -107
-169 -172
-77 -177
-66 -114
96 -5
162 141
128 109
80 80
-105 -160
-131 2
-72 -153
-142 143
-96 -213
87 -37
97 95
124 -65
135 79
-119 -112
72 2
97 86
99 -68
359 102
108 79
125 72
96 -12
-153 -121
70 107
-107 -75
-98 -133
-137 -126
-117 -166
-391 -107
-121 -179
114 8
-111 -171
-146 321
116 75
75 -50
38 -34
-95 -174
285 -144
82 -41
111 90
73 -20
-103 -151
-123 -144
121 143
-163 -117
75 -168
-95 -380
103 90
90 -24
-143 -106
123 58
-92 -126
-72 -160
-170 392
-111 -134
98 74
-189 -152
-151 -121
77 -8
-112 -129
-116 -156
84 -57
59 78
-99 -157
107 -73
-91 -102
399 74
256 -126
129 -27
104 47
149 93
143 89
-134 -127
-111 -178
124 -48
-115 -184
97 -35
-112 -124
-106 -90
-125 -161
-92 -150
110 79
97 -32
99 -13
-317 -131
111 97
114 -15
-128 -139
120 56
72 -16
135 230
112 75
-114 -165
115 55
85 15
115 -284
130 76
-89 -123
76 111
-20 -4
-137 -146
-125 -127
95 -40
-141 -78
93 279
-174 -174
66 -53
-154 -140
-152 -136
-161 -115
-109 -113
77 -9
-13 -153
-50 -42
237 98
106 135
-109 49
-99 -138
63 69
129 56
-132 -310
86 -94
128 -27
-104 -147
102 186
-104 -188
44 -37
110 -19
-117 205
-112 -139
112 45
-100 -156
-127 -117
-109 -138
-361 61
175 -11
86 -35
-122 -119
112 33
-267 -15
-302 -12
80 82
-134 -92
-111 -143
-67 228
-101 -146
-110 -132
91 -21
150 211
95 -46
92 -19
-119 -133
99 70
124 103
75 -26
111 13
-107 -144
-364 91
-22 -115
-150 -170
-120 -100
-116 -130
-120 -161
-89 -218
-107 -171
-93 253
278 100
-208 -138
-154 -115
-149 -60
130 143
165 -1
90 -4
-152 -69
-102 -114
-110 -118
-113 -60
147 -76
117 -170
-276 109
-120 -126
-112 -125
-302 -281
96 106
-157 366
-104 20
-118 -144
-118 -117
112 91
67 259
103 102
137 62
-127 -183
92 113
-153 -171
310 46
112 7
-105 -204
135 -22
138 62
-78 -148
-115 -125
118 110
-159 -111
151 84
82 77
-104 -330
-96 -117
113 92
-106 272
89 95
-116 -142
-109 -161
-109 -150
104 -50
93 -49
-111 -167
-147 -160
-110 -176
-139 -143
-103 -141
55 -40
235 -146
71 256
-113 -168
106 3
-182 -147
103 -3
125 62
99 71
129 82
95 117
87 45
131 87
-124 -186
88 97
77 58
-129 -138
-139 -190
-87 -165
-75 -148
-172 -151
108 86
-150 -165
122 -33
-121 -130
92 69
-95 -176
182 -85
146 61
76 -10
-123 -137
80 43
67 93
52 -145
82 82
-151 -145
-49 -181
-102 -160
-147 -65
-148 -121
-186 311
-109 -118
-130 -140
-142 -106
-83 -152
-135 -148
91 62
-395 -136
-340 -143
74 -11
102 82
-99 -143
120 8
-100 -171
-385 128
-122 -176
-139 -168
95 62
-149 -130
-89 50
76 -29
-131 -80
-161 -321
134 61
-108 -180
-127 -152
112 72
-136 -148
75 -32
-109 -110
88 115
96 50
-90 -320
80 105
-128 -146
-104 345
136 -23
116 111
111 106
88 13
68 -30
97 -62
121 147
60 48
75 -45
-100 -171
72 102
-95 -120
-152 -75
-120 -151
-153 -117
-107 -142
110 59
-155 153
-133 -166
-106 -79
-124 -141
313 97
99 90
361 -31
-99 -141
107 98
117 -11
133 78
68 121
-124 -101
-148 353
210 -131
69 5
-117 -159
154 -146
72 -20
-107 -168
133 -84
134 64
99 -3
127 -33
77 -51
100 129
97 68
-118 -145
-108 -176
-118 -190
59 111
-122 -186
110 78
-90 -108
-53 -179
-79 -175
76 108
107 103
120 83
133 52
92 -29
-105 -141
134 47
106 119
111 86
133 80
-125 -168
-136 124
198 100
81 61
-117 -125
152 110
-124 -93
108 -90
62 -24
-140 -114
99 102
-116 -130
78 -82
-76 -264
-114 -271
102 84
93 70
61 -27
26 -85
-114 -46
-130 -116
-146 -135
-101 -60
71 102
-275 -124
43 -105
138 -142
113 -13
113 51
-310 94
108 88
-99 -180
-121 -161
387 -141
104 -16
-139 -136
92 -28
-124 -122
-118 -147
-135 -165
-137 64
-359 -196
-121 -121
89 116
159 -97
65 -17
108 59
-162 -85
112 89
-106 56
88 97
-125 -133
-102 -168
-86 -130
-115 -128
136 -308
87 -55
89 66
-135 -151
-136 -174
114 113
115 -306
-160 -142
134 81
120 11
69 -15
-95 -83
-102 -175
135 63
-180 -86
95 -13
112 -24
67 -128
-61 -139
-56 -137
47 -46
-110 -261
-117 -161
155 44
69 -78
-295 -40
102 51
-124 -175
-78 -156
-236 -146
100 135
-115 -91
-124 -82
106 95
-117 -151
50 -33
-126 -99
85 -1
53 -260
-131 -161
-198 -25
-175 -43
-138 -131
-143 297
-96 -138
57 -16
104 121
64 -3
-117 -137
135 -47
110 4
129 66
111 2
-116 -140
-110 -110
116 80
-116 -3
71 -16
102 -57
144 75
96 -42
93 82
113 -26
104 60
96 86
74 76
-114 -127
-152 -96
84 9
-81 -133
-107 -377
-157 -167
1 -159
119 73
87 152
93 92
138 37
380 -103
125 -17
114 -20
-123 -156
91 -33
134 96
-114 -169
90 -12
-125 -121
40 11
-127 -110
151 -13
116 118
-133 -114
74 -18
4 87
-107 -115
95 -22
-109 -104
122 74
134 80
351 -58
132 86
-157 -105
-5 -174
75 3
-165 -114
122 -35
127 77
-113 -125
89 64
66 12
-75 -141
109 108
-154 -139
-101 -178
90 56
118 -44
36 -10
83 -25
113 -1
-116 -119
72 -26
-110 -123
-102 -118
-348 165
108 104
-96 -137
-121 -145
-124 -155
66 122
148 37
-120 -169
219 114
109 -342
