4000
0 -30 197
3 -167 -198
1 258 106
1 272 123
2 216 -228
1 270 65
0 -30 196
2 250 -238
1 291 106
1 270 83
3 -131 -228
3 -108 -217
1 246 112
3 -133 -270
3 -115 -188
3 -145 -242
3 -121 -226
3 -134 -208
3 -127 -248
2 189 -228
3 -156 -211
1 240 89
2 223 -235
1 276 81
0 -37 229
2 194 -254
0 -19 228
0 -25 193
1 258 102
2 202 -244
2 201 -239
2 226 -214
3 -120 -228
3 -123 -185
2 249 -226
3 -110 -173
3 -96 -193
1 246 124
1 244 97
2 244 -243
0 -15 183
0 -19 200
0 -35 242
2 234 -216
0 -63 192
1 265 104
0 -24 215
1 247 89
2 228 -249
3 -148 -251
3 -138 -208
1 250 104
2 242 -190
1 263 62
1 268 90
0 -6 184
3 -128 -203
3 -107 -233
3 -120 -234
1 251 -138
3 -141 -203
1 258 100
1 280 121
0 -40 182
0 -53 245
2 213 -235
1 259 105
0 -18 169
3 -147 -194
0 -48 188
0 -19 187
3 -171 -167
0 -19 204
2 216 -275
3 -164 -219
0 -51 220
3 -123 -216
2 226 -241
2 210 -248
1 232 85
2 238 -222
2 213 -219
2 214 -235
0 -13 228
0 -12 191
1 273 101
0 -59 189
2 225 -242
1 253 92
3 -162 -218
0 -10 196
0 -1 175
0 -135 190
3 -99 -188
2 230 -256
1 279 101
3 -117 -179
1 258 64
3 262 -175
3 -125 -206
0 -12 234
2 209 -284
0 -56 204
2 214 -261
3 -141 -177
3 -146 -205
1 262 98
0 -21 212
0 7 224
0 -75 169
3 -167 117
1 -100 88
0 -8 161
2 226 -231
1 277 91
0 -28 184
2 200 -221
3 -122 -217
1 258 109
2 178 -207
1 250 84
1 255 81
0 -23 187
3 -160 -224
1 298 53
1 259 131
2 222 -254
1 -2 119
1 262 109
1 272 94
1 236 101
0 -24 191
1 271 134
2 244 -270
3 -154 -217
0 -43 196
2 250 -248
2 259 -273
2 221 -225
2 236 -245
3 -141 -223
1 277 134
2 188 -249
2 232 -217
0 -50 243
1 266 99
1 254 120
0 -43 172
3 -141 -229
1 244 83
3 -87 -234
0 27 203
2 223 -255
3 -135 -204
3 -125 -220
1 265 77
3 -161 -238
1 241 124
3 -118 -242
3 -119 -193
1 257 109
0 0 226
1 247 98
0 -23 205
0 -3 202
0 -33 236
1 233 86
2 185 -259
0 -60 211
0 -63 230
0 -49 208
3 -142 -236
1 296 83
2 170 -244
2 190 -214
1 280 115
0 -54 192
3 -114 -113
2 226 -261
3 -138 -222
3 -139 -224
0 -16 206
2 262 -218
3 -126 -231
1 262 113
2 196 -268
2 225 -236
0 -33 231
3 -122 -189
3 -153 -223
2 250 -204
1 249 96
0 -50 230
0 -40 201
2 237 -256
1 228 101
3 -84 -224
1 221 85
3 -113 -210
3 -169 -239
2 207 -249
1 264 61
1 278 113
0 -47 198
0 -26 184
3 -105 -225
1 295 93
3 -130 -245
2 243 -219
0 -20 185
3 -128 -229
1 250 89
3 -121 -196
1 268 84
1 262 135
2 298 -213
1 281 115
3 -243 -229
1 263 102
1 232 111
0 13 210
2 266 -212
0 -47 189
1 241 55
0 6 182
1 273 59
2 227 -243
0 -45 192
0 -26 223
3 -131 -205
2 235 -225
0 -41 227
0 -16 196
0 -20 215
3 -144 -215
2 223 -232
2 249 -226
0 -40 214
2 203 -267
0 -38 206
2 220 -257
3 -137 -229
0 -29 198
0 -13 214
3 -123 -231
1 271 95
1 271 114
2 252 -215
1 280 92
0 -34 221
2 210 -226
2 214 -238
2 219 -242
2 265 -245
3 -115 -219
3 -135 -242
0 -44 234
2 223 -249
2 214 -246
1 230 127
0 -45 206
1 254 133
2 -223 -217
1 279 92
2 212 -269
1 256 126
2 241 -217
1 233 112
1 274 126
0 -28 172
1 285 93
0 -29 212
3 -141 -239
1 273 81
2 186 -219
1 260 133
3 -142 -94
0 16 -24
3 -109 -169
3 -134 -227
1 274 107
3 -119 -218
2 211 -255
1 266 127
3 -175 -213
3 -115 -254
0 -15 196
1 261 92
1 236 104
3 -114 -215
0 -29 188
2 253 -239
0 -35 247
2 239 -225
0 -53 192
2 208 -246
2 202 -205
3 -188 -162
3 -117 -212
1 286 110
2 218 -232
2 245 -243
0 -28 169
2 247 -252
1 232 98
3 -120 -248
2 253 -226
0 -48 191
3 -150 -204
0 -34 197
1 222 107
1 259 88
0 -20 191
3 -119 -216
1 273 123
0 -49 221
1 241 111
1 258 116
0 -31 179
2 231 -244
0 -46 226
2 257 -262
1 286 108
2 235 -231
3 -154 -212
2 221 -234
0 -30 231
1 297 81
3 -117 -253
1 253 143
3 -134 -219
2 -69 -234
1 235 104
1 247 126
3 -150 -210
2 217 -257
2 214 -270
1 253 97
1 258 103
3 -120 -223
3 -112 -229
2 226 -211
3 -115 -190
0 -31 220
0 -18 247
2 262 -258
2 214 -199
2 194 -263
1 223 98
2 205 -271
0 -48 183
0 -56 227
1 268 140
3 -138 -267
0 -24 204
3 -134 -231
1 281 119
1 261 91
0 -63 178
1 253 108
0 -27 244
2 247 -184
3 -153 -205
2 146 -257
2 215 -275
1 282 114
3 -155 -225
3 -100 -213
1 299 98
0 -10 222
3 -129 -239
2 221 -229
3 -129 -248
3 -103 -253
0 -14 221
2 231 -239
1 268 135
2 257 -267
0 -15 207
3 -132 -194
2 282 -269
2 237 -220
1 261 88
1 288 107
0 -13 190
1 280 130
1 262 117
3 -139 -240
0 -46 157
0 -60 194
3 -140 -180
1 231 87
2 209 -256
2 249 -264
1 243 126
3 -110 -242
2 218 -250
2 220 -252
2 213 -234
2 230 -219
0 -35 181
3 -136 -247
2 232 -234
2 255 -234
0 -68 189
2 189 -234
3 -133 -189
1 258 121
2 236 -229
0 -15 186
1 221 59
2 189 -226
0 -29 228
2 244 -240
3 -129 -242
3 -148 -218
3 -134 -243
1 246 124
3 -138 -242
3 -143 -226
1 254 83
1 247 116
0 -74 238
1 263 123
1 277 92
0 -61 180
1 256 105
2 217 -222
2 282 -235
0 -20 199
1 278 116
3 -114 -203
1 278 78
2 182 -286
0 -5 235
0 -29 210
1 268 87
1 262 79
1 249 134
0 -49 176
3 -135 -241
0 -35 217
2 237 -241
0 -13 194
2 216 -231
3 -144 -200
1 267 129
0 -58 222
0 -60 194
3 -129 -202
0 -52 221
3 -146 -276
1 240 125
2 261 -233
1 266 107
2 213 -241
1 256 124
1 267 107
0 -22 223
3 -174 -250
3 -129 -210
1 271 100
1 259 121
0 -68 187
1 265 114
0 -48 236
1 282 124
2 244 -267
3 -136 -199
2 216 -239
3 -164 -217
1 250 117
0 -20 224
1 278 99
2 263 -234
1 281 82
0 -29 198
2 226 -295
0 -28 214
1 237 98
0 -16 209
3 -141 -216
1 260 122
1 268 98
1 251 142
3 -127 -226
3 -104 -227
3 -152 -232
2 227 -225
3 -132 -217
0 -29 223
2 229 -230
3 -108 -217
2 225 -254
1 236 93
0 -8 205
3 -165 -240
0 27 208
1 245 104
1 270 90
1 246 128
3 -109 -197
2 218 -240
1 240 110
3 -122 -197
3 -129 -223
3 -145 -223
3 -150 -217
0 -32 181
1 266 108
3 -131 -244
1 287 79
2 214 -232
3 -129 -220
2 236 -229
3 -112 -237
1 267 119
3 -150 -219
2 212 -221
0 -44 197
3 -136 -185
3 -154 -211
3 -126 -278
3 -147 -225
1 227 110
2 234 -244
0 9 200
2 243 -235
2 176 -208
1 264 91
0 -33 167
3 -133 -257
3 -142 -217
1 247 86
1 277 82
0 -25 181
2 250 -243
0 -13 219
3 -144 -252
3 -150 -217
1 255 71
2 198 -234
3 -143 -243
0 -50 208
1 283 131
0 -12 239
0 -35 197
1 239 94
3 -95 -242
2 240 -230
0 -27 196
1 250 119
0 -39 173
0 -45 209
2 246 -208
0 -39 182
0 -36 205
0 -26 224
3 -175 -191
0 -27 193
2 205 -253
3 -138 -231
2 206 -229
1 286 114
1 264 128
1 281 95
3 -128 -199
0 -45 188
1 277 109
2 231 -218
1 262 101
3 -140 -253
3 -132 -226
0 -47 183
3 -143 -206
3 -138 -213
1 283 114
3 -143 -181
2 205 -242
2 241 -256
3 -136 -201
2 222 -228
2 252 -205
1 227 104
2 217 -238
1 208 103
1 260 124
0 -41 230
1 265 121
2 231 -236
1 252 94
1 251 116
3 -156 -220
1 279 108
3 -155 -222
1 267 125
3 -140 -217
1 271 120
2 218 -263
1 285 70
2 225 -246
3 -106 -224
0 -17 194
1 256 117
1 260 111
1 237 84
0 -20 219
2 225 -254
3 -150 -218
2 219 -231
3 -137 -232
1 262 107
1 287 65
1 287 89
0 -9 180
2 265 -229
3 -127 -208
0 -22 191
0 -54 177
2 230 -245
0 10 180
3 -146 -232
2 213 -293
3 -119 -197
2 227 -240
2 208 -240
0 -208 200
3 -121 -233
1 284 109
0 -62 208
3 -136 -200
0 -37 223
1 281 94
2 233 -256
3 -130 -246
0 -10 258
2 260 -206
1 238 93
3 -117 -184
3 -105 -212
1 289 118
0 -32 194
0 -65 224
2 252 -221
1 253 91
1 265 108
2 236 -206
1 235 93
2 245 -227
1 244 95
1 278 80
3 -130 -233
3 -141 -238
3 -146 -253
0 4 220
3 -113 -197
3 -119 -214
2 286 -220
2 229 -247
1 287 104
0 -46 204
2 245 -210
2 224 -226
0 -28 186
3 -151 -226
2 211 -199
2 233 -257
0 -13 186
3 -139 -233
0 -12 215
2 198 -198
1 238 125
1 272 136
0 -15 223
0 -32 252
0 -53 208
0 33 171
3 -120 -215
1 299 125
1 264 126
1 268 114
1 254 98
3 -106 -230
2 182 -257
0 -38 188
0 -22 186
1 282 102
1 284 97
1 276 139
2 229 -267
1 272 123
2 243 -233
1 223 89
0 -43 186
3 -123 -222
1 253 106
2 203 -252
2 222 -256
1 254 131
2 268 -220
0 -20 224
1 252 113
1 272 70
2 229 -244
3 -121 -222
2 223 -229
1 238 96
1 237 104
3 -101 -220
1 264 140
1 267 91
0 -59 191
3 -115 -244
3 -101 -226
0 1 202
3 -139 -181
0 -46 229
1 250 152
0 -38 224
3 -118 -207
2 239 -246
0 -8 227
3 -113 -210
0 -23 231
0 -28 224
1 247 115
0 -15 227
3 -142 -199
2 210 -251
1 248 100
2 239 -246
2 208 -237
1 281 83
0 -28 207
3 -105 -204
2 264 -231
1 240 105
1 260 105
1 270 137
3 -126 -207
0 -57 225
3 249 -232
2 252 -221
1 275 132
0 -79 205
3 -104 -220
1 250 117
2 230 -224
1 258 108
2 203 -219
3 -174 -248
2 214 -210
0 -43 184
2 260 -265
0 -37 206
3 -106 -217
0 -40 183
0 -42 169
0 -8 176
3 -139 -211
0 -96 221
1 269 79
2 214 -218
3 -132 -221
0 5 245
1 256 47
3 -157 -217
0 7 210
1 206 106
3 -137 -231
2 230 -238
2 237 -236
2 212 -239
0 -25 212
2 184 -200
0 -33 225
1 259 139
3 -128 -225
2 205 -231
2 217 -256
2 248 -258
1 289 96
0 -32 191
1 224 99
3 -139 -210
3 -152 -223
1 242 66
0 -6 232
0 -31 194
2 225 -204
0 -47 184
3 -129 -240
2 237 -218
3 -100 -230
0 -57 252
1 279 85
0 -12 222
3 -124 -208
3 -138 -217
3 -152 -200
1 264 120
3 -115 -227
0 -34 208
1 249 106
2 205 -254
0 -27 190
2 215 -226
3 -120 -239
3 -133 -202
2 222 -229
2 216 -235
0 19 227
2 211 -18
2 227 -228
0 -29 -166
0 -32 152
2 219 -243
0 -41 209
1 250 101
0 -20 205
0 -29 206
3 -134 -231
0 -44 206
0 -31 186
3 -141 -214
3 -160 -218
1 260 109
2 204 -253
1 241 138
3 -139 -211
3 -101 -224
2 218 -254
2 262 -249
0 -7 185
2 251 -227
2 250 -220
1 230 108
1 -188 107
2 225 -231
3 -121 -214
1 287 80
2 240 -241
2 193 -239
0 -67 219
0 -20 194
1 261 82
2 228 -254
0 -45 206
1 241 92
2 185 -237
0 -9 216
0 -33 211
0 -23 -264
2 238 -235
0 -46 223
0 -42 216
2 192 -280
3 -147 233
0 -43 206
3 -153 -209
1 252 108
2 246 -212
1 295 115
3 -143 -182
0 -229 216
0 -19 178
0 -29 221
0 -85 206
3 -120 -236
3 -150 -197
1 251 115
1 271 154
0 -61 159
2 217 -230
1 285 135
1 245 96
1 257 125
3 -155 -169
0 -45 192
3 -172 -197
3 -92 -212
0 -2 209
0 -30 210
2 244 -233
1 295 128
3 -160 -267
3 -136 -213
3 -148 -241
2 233 -260
2 209 -231
1 233 116
1 289 85
2 198 -245
3 -145 -206
3 -128 -254
3 -113 -209
3 -118 -214
2 238 -260
2 240 -280
2 243 -250
2 241 -232
2 200 -257
1 247 298
0 -57 212
3 -118 -216
2 254 -254
2 231 -248
3 -113 0
0 -64 205
2 228 -229
0 -32 217
3 -126 -234
1 260 110
3 -127 -215
2 217 -236
2 207 -232
2 220 -225
2 198 -246
1 261 113
2 204 -245
3 -117 -222
2 224 -233
2 248 -227
1 272 136
1 270 128
2 238 -235
3 -127 -235
3 -140 -191
2 226 -223
1 266 118
3 -149 -207
1 240 134
3 -156 -205
3 190 -225
0 -31 196
0 -7 210
3 -140 -211
0 -39 241
3 -157 -224
0 -45 231
3 -117 -207
2 194 -285
3 -67 -172
3 -105 -189
3 -137 -218
1 264 114
1 254 119
3 -146 -208
3 -127 -203
3 -97 -233
0 -41 224
1 249 122
3 -112 -211
1 259 77
2 197 -250
3 -117 -223
2 223 -245
1 273 93
0 -35 211
1 264 123
2 230 -245
2 224 -255
0 -13 227
0 -56 213
3 -189 -242
1 282 92
3 -129 -208
1 286 124
2 231 -256
2 214 -284
3 -177 -243
0 -12 250
0 -51 261
1 249 115
3 -159 -220
3 -151 -227
2 194 -237
0 221 206
1 241 108
0 -44 239
2 234 -254
2 225 -257
1 249 116
1 274 97
2 212 -248
3 -116 -229
0 -34 207
0 -9 178
0 -21 193
1 243 128
0 -23 204
2 205 -260
3 -114 -214
2 235 -221
2 198 -236
2 226 -239
2 195 -244
1 285 86
1 263 92
3 -141 -231
1 257 149
0 -5 222
0 -26 213
2 238 -256
3 -110 -198
1 255 112
1 254 119
2 221 -225
0 -62 218
0 -25 227
0 8 248
2 214 -227
2 241 -243
3 -125 -246
1 227 92
1 236 121
0 -22 151
0 -47 202
2 211 -271
1 225 139
0 12 198
3 -160 -217
0 -50 166
2 211 -255
0 -33 203
0 -57 176
0 -7 179
2 213 -255
1 259 173
3 -104 -248
1 282 66
2 212 -206
2 233 -243
0 -46 179
3 -154 -222
1 285 83
0 -34 -68
2 253 -239
2 242 -229
2 218 -249
2 260 -253
2 217 -233
1 217 93
2 188 -264
0 -9 208
2 232 -211
0 -26 202
1 257 83
3 -142 -190
3 -134 -226
0 -35 212
2 210 -224
0 -45 198
3 -148 -192
1 246 103
0 -6 216
3 -145 -237
3 -156 -223
0 -1 214
2 216 -224
0 -5 192
0 -57 225
2 246 -263
0 -50 171
0 -59 172
2 241 -248
2 232 -235
1 236 119
1 251 117
3 -111 -241
3 -146 -210
3 -95 -224
1 279 100
3 -128 -245
0 -9 203
2 206 -246
2 239 -271
3 -175 -256
3 -141 -221
2 199 -238
3 -160 -220
0 -23 185
0 -12 239
2 229 -225
1 235 116
3 -103 -240
1 260 124
1 244 94
0 20 190
0 -40 204
3 -122 -221
2 204 -244
1 246 122
3 -171 -215
1 254 117
1 261 127
2 248 -234
3 -137 -232
0 -8 196
0 -45 174
1 220 141
0 4 236
2 210 -226
2 196 -258
0 -1 210
2 255 -264
3 -161 -227
0 -36 189
2 190 -269
0 -202 180
3 -165 -211
3 -131 -193
1 232 113
1 296 95
1 272 148
1 245 129
2 247 -245
2 230 -258
3 -145 -240
0 -41 215
0 -40 176
2 202 -244
3 -148 -207
0 -40 165
3 -134 -255
1 282 88
0 -47 195
2 229 -225
3 -138 -224
3 -132 -181
3 -118 -221
0 0 222
1 276 127
0 -46 205
3 -137 -240
3 -151 -232
2 229 -202
3 -127 -218
0 -15 209
0 -50 184
0 -5 201
0 -40 196
2 272 -258
0 -36 182
3 -98 -224
1 274 144
0 -35 224
2 229 -241
2 202 -221
0 -14 183
0 -19 227
1 265 104
2 206 -216
0 -19 241
0 -21 199
2 248 -229
1 229 115
1 264 76
3 -175 -25
3 -130 -238
3 -128 -208
0 -8 216
2 236 -271
1 239 111
1 276 125
0 -8 188
2 220 -253
1 261 113
1 259 115
1 275 157
0 -50 185
1 281 107
0 -38 193
1 247 124
2 219 -238
1 250 63
3 -124 -255
2 225 -271
1 249 108
1 246 80
1 281 130
1 225 152
1 246 128
3 -127 -200
1 253 127
0 -43 182
2 223 -255
0 -53 184
1 268 126
3 -119 -226
0 -52 202
0 -36 225
3 -168 -208
0 -9 216
1 266 103
3 -137 -233
1 286 116
0 -35 233
3 -169 -237
2 192 -238
3 -121 -200
0 -17 173
1 -105 107
1 258 75
2 217 -261
3 -143 -221
0 -2 205
3 -110 -241
1 262 74
1 211 96
1 252 79
1 249 105
0 -71 227
0 -35 207
0 -23 173
3 -120 -199
2 223 -242
3 -131 -217
1 242 117
0 -21 193
1 241 79
0 -39 219
1 243 115
1 275 99
1 282 95
0 -34 190
0 -39 202
3 -126 -232
0 -25 194
3 -140 -213
2 197 -222
2 214 -277
2 253 -255
1 257 110
1 254 117
1 239 89
1 241 103
3 -119 -190
1 237 68
2 199 -242
0 -18 213
1 281 133
0 -67 202
1 272 133
1 285 117
1 255 64
2 233 -260
2 241 -217
2 248 -261
2 261 -233
2 185 -268
2 217 -228
3 -150 -261
1 272 75
3 -142 -215
0 2 234
0 -41 187
3 -145 -198
2 212 -249
0 -6 194
1 225 111
1 222 108
0 -36 213
1 275 66
2 221 -200
2 218 -213
0 -26 249
1 229 107
2 209 -258
0 -27 225
1 274 77
3 -121 -221
0 -1 245
2 256 -263
0 -11 203
2 254 -267
1 243 97
2 251 -210
1 250 78
3 -128 -213
3 -106 -267
0 -74 188
1 249 80
1 257 112
2 219 -208
2 218 -231
2 224 -238
1 -293 97
0 -62 225
2 249 -231
3 -130 -193
1 239 68
1 259 138
3 -160 -239
3 -141 -227
1 274 141
3 -97 -227
0 2 235
0 8 198
0 -35 192
0 -15 155
2 261 -255
0 -4 224
2 227 -279
3 -133 -197
0 -6 227
2 234 -249
2 292 -227
2 233 -231
3 -112 -188
3 -120 -225
2 246 -257
1 273 54
3 -92 -207
3 -142 -193
3 -116 -223
3 -119 -224
0 -16 199
1 268 108
0 -28 241
3 -118 -187
1 238 129
3 -158 -225
3 -137 -243
0 -41 172
2 239 -226
1 231 132
0 -43 184
3 -150 -229
1 245 129
3 -130 -212
0 -16 200
3 -136 -179
2 207 -234
0 -26 194
1 254 120
0 -31 184
1 255 64
0 -46 210
1 261 128
2 222 -253
3 -139 -222
1 238 107
0 -14 178
0 -21 217
0 -26 177
2 237 -231
3 -153 -240
2 240 -245
2 230 -229
0 -27 214
0 -1 228
3 -149 -270
3 -128 -182
2 251 -265
0 -51 204
0 -47 205
0 -26 214
3 -138 -210
0 -16 235
2 221 -239
2 223 -229
3 -140 -227
1 254 80
2 251 -239
0 -45 223
1 262 136
1 236 112
0 -31 223
1 272 102
1 263 116
3 -114 -232
0 2 184
2 217 -269
3 -162 -227
2 189 -264
3 -132 -250
3 -146 -221
0 -64 216
0 -81 225
3 -131 -213
2 211 -229
3 -137 -232
0 -40 238
3 -152 -214
2 282 -245
0 -24 203
1 279 92
0 -26 207
1 264 108
0 -2 239
3 -125 -254
1 290 125
2 222 -240
3 -131 -207
2 191 -226
0 9 204
0 -53 193
0 -20 230
0 -23 169
2 224 -259
0 -48 230
2 249 -224
3 -124 -189
0 -29 205
0 3 181
0 -36 169
3 -111 -198
3 -143 -217
1 258 108
1 249 95
2 236 -225
2 206 -246
2 207 -256
0 -36 193
1 210 106
1 246 53
3 -135 -227
0 15 187
0 -25 201
3 -146 -193
2 251 -252
1 273 129
1 234 96
1 258 107
3 -123 -230
0 -25 236
2 251 -215
0 -49 198
2 238 -226
0 -26 246
3 -102 -204
0 -37 183
2 192 -247
2 221 -244
2 243 -228
1 254 82
1 250 104
2 246 -245
2 228 -232
3 -135 -191
1 285 144
1 232 92
3 -116 -222
3 280 -198
2 205 -244
0 -23 175
0 -36 187
2 252 -252
2 245 -265
1 262 167
1 224 121
0 -36 192
2 186 -220
0 -23 207
0 -47 203
1 271 85
3 -142 -216
1 286 142
3 -117 -236
2 232 -220
0 -26 193
0 -28 193
1 288 78
2 228 -259
1 146 93
2 258 -283
1 249 111
2 217 -250
1 269 102
3 -131 -208
0 -27 178
3 -129 -256
0 -25 193
2 249 -238
3 -137 -212
2 221 279
2 199 -258
1 250 150
1 245 131
1 264 102
1 253 78
0 -11 192
2 219 -232
1 281 99
2 169 -269
3 -113 -226
1 222 102
2 241 -212
2 186 -239
0 -24 220
0 -15 193
3 -150 -226
0 -36 179
1 235 151
3 -122 -202
3 -122 -223
3 -121 -252
2 -180 -232
2 243 -246
0 -12 266
0 -42 192
3 -115 -226
3 -157 -204
2 206 -233
1 294 121
3 -122 -222
3 -128 -213
2 238 -233
0 -43 180
0 -18 222
3 -155 -219
1 290 105
2 252 -248
0 262 238
0 -6 173
1 259 82
2 249 -230
2 262 -247
1 254 85
3 -126 -201
1 223 121
3 -123 -233
3 -136 -237
3 -144 -221
2 209 -258
3 -195 -196
1 279 94
1 283 75
3 -103 -195
3 -97 -223
1 261 121
0 -12 189
0 -64 207
3 -155 -190
0 -45 210
1 229 81
2 220 -203
3 -135 -233
2 230 -267
0 -49 205
2 228 -235
3 -119 -180
3 -142 -202
1 274 55
3 -124 -204
1 249 113
1 255 123
2 251 -246
2 228 -216
2 235 -222
1 250 130
3 -187 -247
2 242 -216
3 -130 -205
2 172 -277
3 -110 -233
2 243 -205
0 -34 178
1 284 107
1 243 127
0 -30 195
3 -103 -188
1 270 72
3 -160 -221
2 213 -248
0 -34 172
0 -8 206
0 -29 210
3 -118 -206
1 272 86
0 -1 176
1 254 105
1 240 126
2 212 -257
0 -35 181
3 -102 -216
2 235 -205
1 262 113
1 273 107
1 265 68
2 246 -237
1 268 89
2 259 -249
2 226 -245
1 281 77
0 -67 235
3 -160 -239
1 229 126
1 226 98
2 235 -240
1 247 145
3 -128 -236
3 -105 -227
2 213 -233
2 254 -250
2 219 -249
2 227 -253
3 -110 -239
3 -122 -253
2 235 -236
3 -124 -222
3 -108 -197
1 217 103
0 -18 197
1 234 125
3 -133 -192
1 227 105
2 224 -236
2 230 -252
0 -56 213
1 273 125
1 264 89
2 223 -217
3 -135 -244
1 269 130
1 212 64
3 -162 -208
3 -122 -250
1 275 113
0 -20 216
0 -38 164
2 244 -211
0 -40 236
3 -153 -242
3 -106 -196
1 216 93
1 275 88
3 -168 -238
3 -118 -201
2 190 -255
2 227 -227
1 245 117
0 5 186
3 -117 -225
0 -40 216
3 -126 -220
3 -132 -231
1 270 56
2 221 -260
0 -51 222
1 248 77
3 -99 -186
1 249 56
3 -109 -251
3 16 -205
3 -141 -244
3 -134 196
1 254 107
0 -77 207
3 -99 -259
3 -119 -231
3 -142 -203
0 -44 188
1 268 77
0 -48 201
2 190 -227
0 5 224
3 -157 -234
0 -36 224
0 -13 180
0 -18 181
0 -29 217
1 257 81
1 259 80
1 255 90
3 -115 -222
3 -151 -229
1 288 124
1 281 109
0 -11 214
2 242 -237
0 -21 195
3 -153 -213
2 211 -228
0 -6 214
1 285 56
0 -69 120
1 259 -93
3 -98 -198
2 231 -256
0 -40 230
1 285 90
3 -157 -218
0 14 205
2 229 -245
0 -45 214
0 -34 222
0 -65 215
1 247 110
0 -38 203
3 -115 -253
1 257 117
0 -47 199
2 216 -259
0 -57 193
1 240 90
2 235 -272
1 236 131
2 223 -253
3 -122 -220
3 -134 -206
1 256 117
1 242 120
0 -23 211
3 21 -238
2 202 -265
2 244 -206
0 -37 161
2 260 -250
2 245 -242
3 -133 -278
3 -139 -233
3 -159 -201
1 259 124
0 -38 201
3 -158 -213
0 -46 221
2 229 -267
3 -106 -230
3 -92 -229
0 -49 234
1 234 115
1 233 123
1 210 91
0 -30 193
1 265 105
0 -21 200
3 -120 -220
2 216 -251
2 246 -256
3 -150 -224
0 -17 189
1 256 135
3 -147 -191
1 277 80
1 277 119
0 -22 202
2 226 -255
3 -121 -228
3 -142 -231
3 -136 -228
2 224 -222
1 239 96
0 -2 181
3 -148 -241
0 -35 198
1 285 90
1 256 58
1 279 138
3 -126 -200
1 256 113
2 217 -260
0 -56 186
3 -137 -225
3 -125 -247
3 -127 -227
1 284 134
3 -98 -199
2 198 -251
2 226 -233
1 224 94
3 -161 -230
1 280 116
1 236 115
1 251 111
1 263 112
0 -41 187
0 -34 223
0 -36 200
3 -107 -188
1 240 100
3 -163 -220
3 -147 -230
3 -149 -224
0 -43 224
0 -32 170
3 -180 -217
0 -50 184
3 -158 -250
1 271 144
0 -37 188
0 -33 195
1 274 122
3 -149 -218
0 -30 219
3 -141 -183
2 182 -245
2 191 -257
3 -135 -224
3 -126 -190
3 -110 -251
2 201 -238
1 239 65
3 -121 -197
1 263 93
1 245 107
3 -115 -218
0 -12 224
0 -21 209
0 -20 196
3 -109 -217
1 271 107
2 260 -237
2 232 -284
1 220 114
3 -122 -260
3 -110 -210
2 225 -208
0 -12 188
1 261 116
1 267 119
2 262 -238
0 -20 208
2 223 -265
2 227 -242
3 -126 -205
1 295 107
2 199 -230
2 203 -270
3 -131 -212
0 -23 223
1 257 110
2 204 -272
0 -85 186
1 227 118
0 -20 215
0 -15 190
0 -21 169
2 255 -238
2 228 -240
1 260 89
0 -26 188
1 251 98
0 -49 221
0 -32 229
3 -127 -241
0 -58 187
0 -24 225
1 265 89
3 -137 -237
2 262 -265
0 -21 233
2 203 -256
3 -108 -187
1 237 116
1 280 87
1 262 102
0 -21 204
0 -31 203
2 202 -248
0 -31 203
2 266 -216
3 -97 -204
3 -108 -217
0 -11 237
0 -41 174
1 278 84
1 261 110
1 288 115
3 -150 -212
3 -104 -228
3 -91 -184
2 220 -208
0 -19 213
3 -117 -218
2 220 -246
3 -115 -265
2 237 -238
3 -136 -210
0 20 167
0 -1 230
3 -125 -238
2 199 -235
0 -14 195
1 258 89
2 200 -256
2 244 -247
0 -31 201
3 -118 -224
1 259 100
2 229 -270
1 274 104
3 -123 -218
0 -21 222
3 -130 -231
3 -121 -243
2 187 -236
2 205 -229
3 -127 -242
0 -27 190
0 -9 251
3 -98 -201
3 -150 -173
1 266 75
3 -141 -234
1 259 146
3 -141 -226
1 242 127
3 -144 -236
3 -100 -206
0 -27 203
3 -153 -238
3 -115 -231
2 248 -221
0 -73 228
1 261 94
3 -141 -211
3 -155 -228
2 205 -238
3 -159 -242
0 -66 178
2 207 -237
1 277 122
0 6 199
1 226 88
2 218 -240
1 287 123
3 -145 -217
0 -25 238
2 219 -217
3 -144 -218
2 185 -223
2 242 -268
0 3 200
1 231 71
2 230 -235
1 255 96
3 -136 -206
2 215 -228
0 -3 186
0 -14 202
3 -119 -235
0 43 242
3 -134 -217
1 261 68
3 -94 -201
2 251 -250
3 -119 -180
3 -109 -239
3 -161 -223
3 -143 -197
2 194 -266
2 193 -223
0 -32 200
0 12 196
2 203 24
3 -117 -239
1 289 108
3 -126 -216
0 -29 -287
2 218 -220
0 8 191
2 243 -276
3 184 -232
3 -135 -238
3 -128 -252
1 283 94
1 249 134
3 -79 -257
3 -118 -228
3 -111 -250
1 254 126
2 274 -227
0 -11 211
1 2 78
0 -45 209
1 264 119
3 -154 -237
0 -26 224
2 215 -230
2 239 -240
1 241 94
1 235 108
3 -126 -196
0 -18 216
1 212 121
1 268 114
3 -156 -219
2 238 -252
0 -20 204
0 -19 231
0 -19 209
0 -30 211
2 273 -241
2 224 -255
3 -166 -209
1 262 106
1 264 104
3 -126 -236
0 -65 192
3 -138 -164
0 2 190
2 231 -276
2 219 -223
3 -139 -242
0 -36 177
3 -131 -181
1 254 79
2 216 -234
1 294 110
2 235 -253
2 250 -239
3 -110 -192
0 -30 205
2 246 -241
1 282 117
2 204 -278
2 223 -249
1 259 116
3 -151 -198
0 -55 173
1 276 126
0 -53 185
3 -151 -244
1 270 82
0 -22 253
0 -30 224
1 247 131
1 229 131
0 -28 187
1 245 89
2 188 -245
2 216 -233
0 -8 164
2 227 -265
2 214 -220
2 172 -268
3 -149 -242
0 -50 221
2 218 -263
1 265 92
3 -139 -227
1 277 90
2 242 -251
3 -143 -200
1 257 119
1 276 85
2 231 -238
1 270 141
0 -34 240
0 -20 175
2 219 -209
0 -21 201
0 -40 192
0 -26 202
1 256 116
3 -123 -197
3 -112 -192
1 239 84
2 244 -231
0 -9 238
3 -146 -214
0 -25 200
3 -125 -248
1 250 104
1 257 87
3 -139 -206
0 -29 197
0 -17 198
1 252 85
3 -128 -236
3 -144 -228
0 -33 204
0 -14 232
0 -20 178
0 -33 178
3 -35 -237
2 221 -230
0 -24 201
0 -21 204
0 -20 238
3 -136 -241
1 266 143
0 -32 199
0 -35 226
3 -153 -227
3 -157 -255
0 -19 201
3 -132 -188
1 233 116
2 219 -267
3 -119 -226
2 216 -218
1 216 141
2 226 -215
1 245 66
3 -136 -206
0 -26 160
0 -6 200
2 204 -235
2 237 -268
3 -112 -236
2 214 -257
0 -2 236
0 -8 231
2 223 -260
0 -42 201
0 12 196
3 -104 -217
2 233 -244
0 -40 190
1 245 111
2 207 -205
0 -42 205
2 227 -251
1 246 131
0 -11 227
0 -65 203
2 242 -214
1 238 119
1 237 117
2 189 -243
3 -145 -197
0 -29 209
2 234 -253
1 247 126
1 288 111
3 -145 -210
0 -18 211
1 237 93
3 -127 -215
0 -51 249
0 -29 176
0 -29 214
0 -36 215
0 -90 203
3 -190 -206
3 -109 -186
0 -51 198
0 -21 213
1 -255 111
3 -126 -275
0 -51 209
3 -163 -224
1 264 116
3 -111 -260
1 268 129
2 227 -233
0 -47 216
0 -18 182
3 -95 -190
1 259 106
1 282 111
1 269 70
0 -230 188
2 210 -272
0 -57 210
0 -29 249
2 255 -234
0 -23 223
3 -133 -209
0 -21 224
0 -37 177
1 250 105
0 -64 230
3 -111 -238
0 -57 175
3 -129 -237
1 247 116
2 232 -228
2 229 -242
3 -112 -208
0 -34 199
2 211 -245
1 252 104
3 -94 -211
2 197 -246
1 225 109
1 264 114
0 -55 180
0 -12 212
0 -31 215
2 237 -230
0 -52 224
0 -33 213
3 -121 -243
0 -7 170
3 -144 -239
2 244 -230
0 -48 200
2 234 -215
0 -55 162
1 217 109
2 237 -249
2 206 -221
2 211 -200
1 246 82
0 -36 189
2 214 -237
3 -126 -223
2 215 -209
1 248 79
0 -20 232
0 -31 195
0 -41 208
1 273 111
3 -157 -235
0 78 233
1 288 98
0 -21 203
1 273 123
3 -108 -246
2 227 -256
1 257 92
0 -29 172
0 -38 187
3 -149 -200
1 213 108
3 -130 -227
3 -130 -196
0 -32 214
2 204 -220
2 224 -215
3 -158 -187
1 284 137
2 206 -216
0 -57 206
0 -12 215
3 -117 -193
1 293 95
0 -35 189
2 236 -235
1 243 86
0 -53 193
0 -27 193
0 -36 194
1 267 116
1 266 105
3 -161 -215
3 -89 -228
0 -31 232
0 -31 195
1 207 138
2 232 -236
1 272 115
1 269 126
3 -159 -228
3 -144 -251
0 -48 196
1 262 72
0 -28 194
2 233 -216
0 -22 215
0 -24 199
2 213 -243
3 -121 -235
3 -160 -193
0 -46 180
0 -19 207
2 214 -199
3 -138 -207
3 -125 -200
1 284 149
3 -104 -238
1 265 100
1 252 118
1 245 84
1 291 111
2 212 -262
1 250 144
3 -121 -234
3 -164 -207
3 -134 -214
2 226 -233
2 200 -236
1 268 124
0 -50 185
2 209 -226
2 211 -256
0 -28 169
2 205 -249
0 12 202
0 3 162
0 -54 205
1 262 107
2 219 -225
0 -44 227
2 234 -246
2 222 -219
0 -28 205
3 -120 -234
2 216 -238
1 242 107
3 -130 -213
1 257 94
1 228 66
1 223 106
3 -135 -191
0 -24 216
2 246 -237
3 -136 -216
1 234 97
3 -132 -203
0 -68 237
2 252 -254
3 -141 -209
0 -19 188
0 -45 184
2 214 -207
2 228 -246
0 -12 224
0 -1 218
3 -124 -203
1 277 75
2 212 -238
0 -36 200
3 -129 -199
2 245 -228
1 250 104
2 220 -227
1 272 114
0 -47 233
0 -13 191
0 -70 205
2 210 -249
3 -116 -205
1 267 116
3 -143 -190
0 17 159
2 194 -253
2 213 -229
2 205 -254
0 -14 243
0 -279 217
1 205 60
1 251 71
1 261 142
0 -58 185
0 -17 200
3 -129 -213
0 -19 227
0 -62 166
1 251 129
0 -42 200
0 -22 172
0 -13 185
2 223 -236
3 -127 -219
2 237 -217
1 266 82
0 -72 196
0 -51 229
3 -149 -235
1 258 147
3 -94 -206
3 -130 -210
0 -5 187
0 -51 193
1 261 102
2 242 -230
3 -119 -194
0 -24 231
1 268 76
3 -135 -205
2 203 -234
0 -65 191
2 218 -243
1 272 102
0 -89 174
1 261 139
0 -4 196
0 -38 204
0 -49 216
2 216 -254
0 5 189
0 -42 200
1 240 106
3 -128 -235
3 -120 -218
3 -113 -234
0 -17 204
3 -132 -220
3 -109 -239
3 -102 -196
3 -131 -197
3 -169 -227
3 -139 -243
3 -139 -229
3 -124 -182
3 -132 -253
2 233 -236
1 292 106
2 254 -253
2 270 -210
1 239 115
0 -52 178
0 -31 201
3 -181 -196
1 266 101
2 232 -214
3 -80 -231
2 230 -244
2 231 -289
3 -134 5
0 -15 207
0 -25 231
1 284 115
1 270 93
0 3 181
2 197 -248
0 -24 231
2 213 -246
0 14 210
2 204 -229
0 -23 215
0 -10 209
2 234 -219
0 -40 216
2 211 -208
2 256 -256
1 266 129
3 -146 -212
1 276 126
1 236 84
0 -23 191
3 -108 -218
3 -122 -221
1 275 92
3 -132 -205
0 -60 217
2 248 -234
2 208 -261
0 -34 216
1 259 102
3 -124 -202
0 -70 190
1 261 94
2 201 -245
1 277 87
2 210 -182
1 251 94
3 -145 -209
1 245 80
2 198 -251
0 -47 161
1 259 98
1 238 73
0 -38 233
1 211 82
2 198 -231
3 -98 -193
0 -35 169
0 -24 220
3 -144 -211
1 264 128
1 273 61
0 -26 222
2 206 -267
3 -101 -208
0 -46 165
3 -178 -227
0 -45 205
3 -142 -198
0 -47 186
0 -62 198
0 -34 213
0 -9 186
2 208 -255
1 261 110
0 -47 193
2 217 -247
2 228 -233
1 291 111
3 -38 -226
0 -51 247
3 -148 -199
2 235 -268
0 -36 208
1 257 87
1 258 104
3 -159 -203
2 210 -187
2 254 -229
1 265 72
2 209 -213
1 233 75
1 277 121
1 275 103
1 242 112
2 210 -231
1 246 76
2 198 -257
0 -25 210
2 226 -225
1 256 106
3 -127 -216
2 228 -256
2 224 -248
2 211 -231
2 190 -235
1 247 41
0 -65 201
0 -4 182
0 -6 208
2 265 -249
3 -144 -187
0 -57 223
2 203 -264
2 207 -226
0 -26 234
0 -31 206
3 -117 -214
3 -152 -231
1 266 120
3 -110 -224
3 -186 -215
1 250 136
2 224 -230
2 214 -240
2 254 -233
3 -123 -196
0 -12 253
0 -60 234
2 209 -250
1 232 94
2 211 -239
3 -123 -229
0 -18 193
0 -85 213
3 -168 -232
3 -130 -231
2 228 -237
1 256 112
2 237 -220
0 -31 222
2 268 -256
1 258 111
3 -158 -197
1 214 114
1 274 112
1 252 89
1 258 135
0 -30 231
1 263 125
3 -137 -212
1 242 91
0 5 217
0 10 202
1 256 102
2 269 -247
1 282 96
0 -47 188
0 -225 171
0 -27 202
2 224 -250
3 -114 -197
2 201 -232
2 196 -234
2 242 -253
0 -46 201
1 250 104
1 293 131
2 223 -250
2 276 -250
3 -113 -252
1 258 98
0 -20 225
3 -118 -245
2 228 -285
1 260 111
2 231 -251
1 238 60
1 244 107
3 -162 -265
2 218 -249
0 -7 189
0 -28 186
0 -4 211
0 -39 189
1 242 137
1 255 107
1 278 74
1 258 120
1 249 108
1 269 107
0 -13 215
2 227 -220
2 231 -219
0 -54 194
3 -138 -216
3 -141 -273
0 -27 212
2 241 -218
0 -26 186
2 240 -203
1 268 86
1 231 133
2 230 -251
1 246 137
0 -49 172
0 -19 221
1 254 106
3 -128 -178
2 230 -233
2 206 -258
2 221 -274
3 -146 -196
0 -31 216
3 -158 -100
0 -24 231
3 -135 -188
1 257 139
3 -161 -239
0 -50 220
3 -111 -228
2 245 -224
1 283 101
1 245 40
2 212 -260
1 286 121
1 294 101
2 241 -254
3 -158 -193
0 -40 202
3 -140 -211
1 268 112
2 190 -248
2 218 -242
1 258 109
2 236 -243
1 244 106
1 286 94
3 -136 -214
0 -56 200
0 -17 205
3 -123 -224
2 216 -244
3 -110 -209
2 235 -238
1 285 106
3 -147 -234
0 -54 189
3 -111 -226
3 -145 -210
2 226 -211
1 250 122
3 -143 -234
2 259 -237
2 222 -254
1 252 103
0 -46 204
0 -24 211
3 -157 -218
1 255 85
1 267 85
2 228 -226
1 254 161
0 -40 218
1 276 92
3 -175 -207
3 -114 -224
1 278 108
2 232 -254
0 -24 235
0 -10 233
2 217 -232
2 250 -251
1 269 97
0 -27 219
3 -138 -235
1 262 121
0 -68 185
1 255 96
1 263 109
1 258 110
0 -17 194
3 -112 -238
3 -133 -208
0 -28 193
0 -51 224
2 205 -239
2 228 -201
1 261 132
2 240 -253
2 187 -246
2 191 -258
2 180 -255
0 -42 210
0 -28 212
3 -142 -227
2 210 -231
3 -125 -217
1 294 96
2 241 -296
3 -146 -232
2 202 -254
0 6 241
0 -22 213
0 -52 196
0 -47 232
2 213 -212
3 -118 -225
2 226 -209
2 212 -256
2 203 -242
2 178 -267
2 215 -269
2 235 -251
2 231 -224
2 260 -239
3 -144 -215
3 -132 -234
3 -176 -224
3 -160 -182
0 -46 217
2 215 -226
1 280 90
3 -132 -222
3 -134 -236
2 250 -251
3 -124 -248
2 227 -244
1 284 87
0 -19 218
0 -293 206
0 -46 188
3 -150 -213
0 5 218
3 -151 -209
0 -31 205
0 -38 180
2 219 -253
3 -139 -243
1 257 143
1 215 124
0 -30 180
0 -45 214
2 234 -212
3 -101 -191
0 -41 208
2 244 -241
1 271 110
2 230 -253
1 272 118
3 -108 -208
3 -119 -199
2 235 -227
3 -145 -208
1 275 139
1 248 109
1 229 98
3 -197 -234
2 191 -244
0 -15 182
2 235 -239
3 -151 -236
3 -152 -230
0 -20 209
3 -141 -210
3 -119 -222
0 21 203
0 -82 186
0 -45 222
0 -76 205
1 234 91
3 -113 -217
3 -104 -220
1 289 122
0 -46 179
3 -116 -226
0 -64 112
2 235 -254
1 285 98
0 -50 179
0 -53 161
1 243 130
3 -134 -196
0 -26 209
2 225 -221
1 293 107
3 -163 -232
0 -31 196
0 -63 223
3 -128 -216
2 260 -263
0 -42 227
3 -118 -219
1 256 130
3 -126 -218
2 221 -245
1 298 111
1 266 116
3 -168 -206
2 209 -228
1 251 128
3 -125 -219
3 -130 -243
0 -30 206
0 -59 193
3 -78 -231
1 251 93
3 -137 -212
0 -53 192
2 237 -277
2 218 -224
3 -146 -217
1 240 93
0 -291 239
2 244 -231
0 13 251
0 -51 196
0 -55 191
3 -134 -216
0 -16 218
2 234 -246
1 269 117
1 252 81
1 266 96
0 -32 202
3 -123 -205
3 -107 -212
2 230 -236
2 243 -225
2 205 -214
3 -111 -251
3 -140 -214
3 -113 -223
1 266 -103
2 219 -243
2 229 -214
3 -148 -191
1 270 127
1 287 148
1 215 108
0 15 220
3 -136 -241
1 266 134
0 -41 199
2 181 -219
3 -134 -225
2 236 -236
1 291 139
2 278 -232
2 236 -253
1 226 93
2 240 -260
0 -51 192
2 254 -234
1 237 102
2 209 -251
0 -19 180
3 -148 -212
0 -23 191
1 275 103
3 -113 -211
2 262 -257
0 -19 208
1 271 123
1 289 119
3 -117 -236
2 226 -238
2 232 -233
3 -151 -205
0 10 224
2 228 -199
1 267 93
2 212 -212
1 262 87
1 275 109
1 284 102
2 224 -194
0 -39 182
3 -144 -199
3 -145 -209
2 211 105
0 -19 236
2 217 -226
2 234 -238
2 227 -257
2 229 -235
3 -135 -220
3 -147 -200
0 -14 187
2 202 229
1 283 89
1 268 98
2 191 -220
2 226 -238
0 -52 221
1 280 113
0 -36 200
0 -29 232
2 226 -263
1 239 82
2 211 -212
0 -37 195
2 235 -207
1 263 87
2 242 -261
1 257 93
0 -28 195
3 -150 -248
0 -47 184
0 -33 184
0 -4 210
0 -81 191
3 -150 -209
0 -42 227
2 193 -239
0 -24 188
0 3 185
3 -174 -214
3 -139 -235
1 239 114
2 209 -231
0 -55 215
2 238 -255
1 262 130
2 250 -261
3 -169 -197
1 231 97
0 -39 192
1 266 97
2 225 -252
3 -153 -202
3 -176 -253
1 290 111
0 -36 199
3 -101 -221
3 -144 -191
3 -123 -224
2 197 -274
2 227 -240
3 -76 -230
2 223 -238
3 -111 -216
3 -145 -221
1 244 -79
0 -27 202
1 265 95
0 20 188
0 -64 200
0 -38 210
2 199 -251
3 -129 -236
2 249 -230
2 249 -217
0 -3 217
2 227 -236
1 291 114
0 -18 173
3 -86 -187
2 241 -239
0 104 221
2 264 -238
2 230 -210
2 225 -231
3 -126 -238
1 222 116
2 213 -242
0 7 229
1 250 84
2 240 -247
1 250 131
2 208 -229
0 -19 192
3 -151 -203
3 -142 -206
2 215 -229
0 -41 163
1 295 104
1 210 136
2 227 -272
1 262 109
2 221 -238
2 222 -198
3 -131 -248
3 -162 -225
3 -135 -182
1 268 113
3 213 -212
1 226 101
2 201 -261
3 -91 -191
2 224 -285
2 -172 -243
0 -71 183
0 -46 242
2 205 -212
0 -47 194
1 259 97
3 -104 -229
1 240 89
3 -133 -200
3 -120 -212
3 -141 -240
1 265 109
1 263 106
3 -121 -212
2 250 -210
0 -23 231
3 -120 242
3 -154 -218
2 253 -243
0 -19 223
1 220 102
0 -10 208
2 210 -237
2 218 -226
2 194 -207
3 -128 -220
0 -54 178
2 241 -211
0 -19 207
3 -158 -222
2 222 -260
1 286 146
3 -127 -233
1 281 79
1 269 80
3 -165 -228
0 -80 194
0 -56 209
3 -165 -208
2 245 -233
3 -92 -204
1 282 130
2 223 -186
2 238 -233
2 247 -243
2 230 -260
1 270 87
0 -9 179
3 -123 -238
0 -21 26
3 -147 -222
3 -142 -215
0 -44 183
0 -17 192
3 -152 -230
3 -111 -204
1 230 114
2 264 -261
2 202 -263
3 -144 -180
0 -36 215
1 235 122
2 229 -252
3 -102 -225
3 -91 -212
0 -53 213
3 -154 -222
2 207 -240
1 259 119
1 255 82
0 -18 213
2 256 -237
3 -139 -208
1 253 89
0 -71 202
1 273 99
2 241 -213
0 -39 216
3 -134 -213
3 -133 -228
2 218 -289
3 -131 -208
0 -41 169
2 219 -266
0 -23 194
0 -39 218
0 -33 244
2 255 -222
0 -4 222
1 231 105
1 299 126
3 -122 -244
0 -2 212
2 239 -285
3 -105 -199
0 -6 193
3 -127 -183
3 -143 -193
0 -27 178
0 -28 193
0 -18 200
1 259 88
2 195 -232
0 -45 222
0 -27 182
0 -20 257
2 228 -238
1 262 86
1 236 73
0 -49 178
0 -43 225
2 232 -215
0 -19 194
2 222 -286
0 -43 218
0 3 231
3 -121 -256
3 -134 -241
3 -164 -206
2 202 -251
3 -158 -197
3 -126 -203
0 -28 220
1 255 89
2 246 -273
0 -24 215
1 234 80
2 235 -264
3 -161 -211
3 -136 -197
1 294 97
0 -54 238
0 -45 192
1 258 73
1 253 101
3 -121 -192
0 -15 200
0 -23 201
2 190 -251
0 -29 210
1 298 131
2 218 -211
3 -136 -220
0 -48 215
2 227 -250
3 -123 -201
0 -74 228
2 216 -221
2 247 -225
3 -135 -196
3 -135 -223
2 241 -221
3 -110 -207
1 278 117
2 224 -214
2 231 -211
2 234 -221
2 204 -229
1 265 131
0 -28 204
0 -48 188
2 230 -242
3 -120 -188
3 -125 -193
2 247 -249
0 -36 213
3 -136 -215
1 277 108
1 278 129
3 -138 -211
0 -39 220
2 230 -223
1 261 84
1 234 96
2 212 -224
2 212 -218
2 224 -267
0 -12 225
2 172 -277
2 243 -180
3 -126 -235
0 0 219
3 -104 -212
3 -141 -195
2 210 -262
0 -66 211
1 274 117
3 -145 -214
0 -27 188
1 249 112
2 217 -256
2 231 -226
0 -44 200
2 228 -255
2 230 -249
1 260 90
3 -167 -217
2 234 -264
0 0 220
0 -9 209
3 -102 -231
3 -135 -218
0 -62 191
2 244 -227
2 186 -272
0 -29 245
0 -59 211
1 253 130
0 -12 209
2 219 -252
2 235 -216
2 231 -243
0 -37 199
1 232 147
3 -137 -198
2 223 -137
2 -113 -237
3 -135 -204
1 257 90
3 -117 -230
3 -120 -229
3 -137 -205
0 -11 213
3 -155 -218
2 225 -282
2 236 -219
1 277 94
0 -47 237
1 255 115
3 -110 -219
3 -135 -224
1 264 115
1 231 121
2 228 -215
2 253 -263
3 -104 -190
1 256 116
1 254 122
2 215 -279
0 -47 199
2 245 -238
0 -57 179
2 208 -251
1 252 87
1 248 124
3 -104 -227
1 284 123
1 283 103
2 241 -235
2 197 -250
1 242 89
1 238 103
0 -30 232
3 -138 -223
1 274 82
2 228 -274
3 -113 -216
1 234 101
0 -15 220
2 -38 -207
3 -171 -217
1 253 102
2 217 138
0 -40 175
0 -22 227
0 -16 178
2 202 -268
1 244 111
2 221 -251
3 -176 -258
0 -38 -3
2 241 -211
0 -25 166
0 -11 230
3 -126 -227
0 -18 208
1 232 114
2 226 -226
1 290 107
2 208 -273
1 240 109
0 -59 204
0 13 209
1 256 68
3 -112 -203
2 237 -229
0 -66 174
3 -142 -223
0 -44 209
0 -24 196
0 -11 172
3 -125 -210
0 -42 203
2 234 -215
3 -168 -251
3 -134 -233
0 -55 220
2 231 -236
0 -40 191
1 257 85
3 -127 -209
3 -133 -210
0 -15 197
0 -38 189
3 -109 -215
3 -127 -226
2 246 -229
0 -34 177
1 248 90
2 215 -280
1 251 86
0 -30 228
3 -131 -225
2 247 -245
3 -157 -230
2 227 -227
1 268 98
1 292 111
3 -129 -209
1 250 88
0 -10 194
1 260 104
0 -35 228
2 229 -247
1 295 122
3 -160 -210
2 208 -273
2 236 -255
0 -23 184
1 246 142
2 242 -220
3 -106 -230
1 235 144
1 283 81
1 238 127
2 230 -246
1 268 82
1 261 117
2 198 -231
0 -33 198
0 -44 207
2 226 -247
2 229 -240
2 205 -261
2 230 -209
0 5 222
2 232 -244
1 283 37
2 209 -245
1 267 74
1 280 134
1 265 76
3 -135 -224
3 -134 -207
2 227 -267
0 -24 226
2 199 -277
0 -41 257
3 -148 -211
3 -149 -215
0 -14 217
1 265 96
2 249 -273
3 -121 -215
0 -48 193
1 230 73
0 -63 195
2 215 -216
1 238 108
3 -123 -250
0 -62 224
0 -23 181
2 206 -246
2 208 -224
3 -138 -221
3 -94 -235
0 -71 235
2 222 -268
0 -32 241
0 -48 198
2 224 -223
2 -207 -268
1 249 85
0 -16 167
1 285 145
2 222 -259
3 -109 -206
1 275 108
2 216 -274
3 -159 -231
1 247 112
1 275 118
1 260 88
3 -159 -256
2 221 -257
1 283 82
3 -144 -211
3 -102 -212
1 270 69
0 -23 195
3 -135 -272
2 212 -245
2 193 -228
3 -125 -233
2 209 -232
0 -33 228
3 -111 -205
1 272 101
0 -39 198
1 258 76
1 281 100
3 -148 -216
1 240 91
1 283 114
3 -138 -186
3 -125 -232
1 259 107
2 207 -252
0 -35 230
0 -21 182
2 248 -254
1 250 158
1 267 137
0 -76 204
3 -149 -215
1 249 103
3 -83 -218
2 227 -244
1 256 114
1 26 115
2 239 -254
2 225 -267
0 -37 183
3 -136 -217
3 -135 -229
0 -53 197
0 -36 217
3 -135 -214
3 -106 -212
2 168 -235
1 -73 120
2 262 -250
2 192 -252
0 -28 196
1 234 -203
3 -174 -230
0 117 171
1 250 114
1 259 112
1 258 -98
3 -156 -226
1 264 133
1 282 90
3 -141 -219
3 -142 -228
1 254 137
1 268 87
1 276 100
3 -153 -227
3 -121 -248
2 242 -240
0 -33 232
2 242 -265
2 191 -232
2 122 -216
2 277 -243
1 255 98
3 -142 -241
2 199 -230
3 -138 -225
2 201 -207
2 232 -267
1 270 103
3 -123 -251
1 263 97
2 234 -247
3 -142 -210
3 -136 -214
1 283 96
2 201 -247
0 -40 216
3 -136 -243
1 284 98
0 -39 148
2 247 -229
3 -135 -237
1 263 138
3 -137 -211
3 -124 -225
1 265 113
0 -30 187
1 283 113
3 -82 -226
2 224 -234
1 224 112
3 -123 -158
0 -44 209
3 -113 -229
3 -114 -202
0 -39 223
0 -45 177
0 -18 210
1 229 96
0 -29 190
0 -35 234
2 212 -272
2 225 -214
2 216 -214
1 253 123
2 211 -252
2 262 -248
0 -13 180
1 241 102
0 -37 203
1 252 117
2 231 -243
1 273 146
3 -123 -185
3 -128 -204
2 225 -241
2 247 52
2 211 -245
3 -134 -233
0 5 194
2 223 -244
2 214 -205
0 -27 187
0 -39 238
2 201 -243
0 -28 189
0 -32 222
3 -105 -206
2 241 -206
3 -122 -227
1 287 92
2 242 -256
0 -187 220
0 -43 214
2 210 -247
2 239 -261
1 272 92
3 -122 -195
1 239 95
2 190 -259
3 -127 246
1 281 101
2 211 -223
1 262 125
3 -140 -243
0 -12 149
2 218 -251
3 -146 -215
3 -167 -212
2 251 -222
2 232 -264
1 232 109
3 -144 -235
3 -137 -217
3 -145 -192
0 -5 204
0 -46 236
1 280 105
0 -25 217
3 -155 -214
0 278 193
0 -10 226
0 9 188
2 203 -244
1 244 96
2 233 -209
0 -30 203
0 7 177
1 263 96
0 -58 201
1 269 136
3 -129 -230
0 -34 198
3 -121 -237
2 238 -252
0 -36 181
3 -144 -213
1 280 117
3 -158 -224
2 202 -220
2 231 -226
3 -123 -269
2 251 -258
1 261 121
1 266 92
3 -132 -250
3 -160 -252
0 -20 184
3 -113 -229
2 220 -249
2 213 -236
2 213 -237
1 255 123
2 224 -232
2 240 -209
2 213 -239
0 -47 236
2 210 -246
0 -22 181
3 -142 -228
1 255 107
0 -27 229
3 -115 -211
0 -33 214
3 -159 -240
2 228 -281
0 -24 199
1 257 88
3 -153 -214
3 -137 -206
3 -94 -217
2 187 -286
1 241 110
3 -118 -240
0 -28 207
3 -141 -208
1 277 146
2 223 -251
1 250 127
3 -154 -227
3 -107 -229
0 -43 219
0 -35 189
1 262 141
2 207 -241
2 249 -235
3 -139 -179
0 -3 200
1 212 114
3 -132 -211
0 -17 256
3 -153 -231
2 215 -278
0 -51 181
2 208 -246
1 272 96
0 -44 213
1 252 96
3 -144 -186
0 -13 214
1 250 117
2 234 -256
1 266 85
1 277 110
1 278 86
0 -49 233
0 -35 212
1 273 60
0 -32 225
2 247 -257
0 -8 219
0 -22 216
3 -146 -235
0 -29 213
2 227 -243
1 291 155
1 231 112
0 -13 232
1 247 93
2 233 -237
1 277 66
2 257 -218
0 -16 204
0 -38 225
2 205 -245
2 210 -246
2 238 -220
3 -128 -209
2 -19 -283
0 -42 198
0 -2 193
0 -11 207
3 -148 -205
2 241 -219
3 -144 -243
1 256 150
1 227 168
1 267 112
3 -139 -195
0 -29 186
0 -31 185
1 252 93
2 237 -238
3 -139 -233
1 251 87
0 -24 195
2 175 -240
0 -35 163
2 233 -230
1 265 123
3 -135 -189
1 64 87
2 185 -224
2 196 -193
1 267 118
3 -144 -206
1 240 101
2 218 -257
3 -114 -212
1 256 92
3 -116 -215
3 -137 -237
0 -22 181
3 -118 -218
1 245 111
2 245 -211
3 -162 -193
3 -165 -204
2 225 -233
3 -134 -197
1 259 79
3 -174 -254
1 246 96
1 219 104
3 -168 -239
1 269 94
1 287 94
0 -39 177
0 -43 213
3 -163 -233
3 -148 -202
1 262 119
2 225 -254
3 -151 -265
0 -12 197
0 -33 200
0 -6 192
1 278 104
2 200 -234
1 249 76
2 185 -251
2 250 -240
1 279 98
0 -39 201
2 269 -238
3 203 -251
1 252 118
2 200 -217
2 221 -228
2 203 -230
2 242 -267
3 -137 -173
3 -146 -226
2 237 -245
3 -145 -254
2 233 -215
0 -21 228
1 278 96
1 243 102
1 290 114
3 -102 -213
3 -109 -258
1 259 105
3 -110 -224
2 204 -232
2 227 -262
2 230 -259
0 -39 225
2 221 -256
2 207 -232
2 217 -220
1 264 82
3 -101 -194
2 229 -261
3 -160 -211
3 -127 -257
3 -133 -223
1 279 94
3 -156 -221
2 235 -220
3 -113 -232
1 282 128
1 259 83
3 -144 -225
0 -38 184
1 239 86
3 -144 -207
1 268 78
2 252 -280
2 233 -211
1 239 82
3 -149 -197
2 214 -248
3 -152 -224
1 256 116
1 226 130
0 2 223
3 -153 -218
2 226 -275
2 216 -277
1 251 119
2 223 -260
3 -144 -187
2 221 -265
0 -49 209
1 265 76
1 234 118
2 215 -234
3 -95 -253
3 -148 -208
3 -139 -204
2 245 -231
1 269 105
1 251 107
0 -28 223
3 -153 -174
1 264 138
1 249 87
1 248 80
2 239 -226
2 232 -254
1 250 80
0 -5 215
0 -24 205
0 -21 182
2 240 -250
2 248 -247
2 299 -191
3 -166 -255
3 -142 -246
1 272 97
2 208 -225
1 225 116
0 -38 196
3 -122 -246
0 -18 195
2 233 -204
1 266 102
1 254 105
0 -45 211
2 191 -235
2 258 -264
2 232 -219
2 230 -234
1 299 106
0 -30 183
0 -39 169
1 280 131
0 17 169
0 -4 230
0 -39 201
0 -31 168
3 -110 -227
2 231 -261
3 -126 -175
2 204 -210
3 -140 -241
1 255 142
2 -2 -216
3 -124 -204
3 -147 -210
0 -31 201
2 219 -263
0 -35 173
2 225 -221
3 -158 -225
0 -52 200
0 -14 199
3 -116 -226
0 -30 199
2 241 -250
3 -161 -235
0 -29 219
3 -124 -253
0 -47 221
0 -75 199
1 252 120
0 -53 225
1 245 81
3 -127 -186
0 -17 184
3 -139 -204
1 222 76
3 -133 -225
3 -152 -230
1 214 80
2 266 -226
3 -124 -235
3 -139 -226
3 -156 -199
2 211 -228
1 294 100
0 -51 196
2 199 -241
0 -42 241
1 284 125
1 255 119
0 -5 191
2 241 -273
0 -26 222
2 228 -248
2 225 -244
2 224 -265
3 -152 -212
2 198 -276
2 230 -246
2 213 -256
3 -119 -210
2 227 -260
0 -33 198
0 -47 220
3 -286 -279
1 228 86
2 242 -270
3 -123 -198
2 219 -247
1 266 134
0 -49 230
0 149 208
2 216 -196
3 -154 -195
0 5 193
1 248 103
3 -145 -179
0 -50 186
3 -132 -236
3 -118 -231
0 -42 215
1 278 108
0 -48 187
0 -26 194
1 278 73
0 -25 212
0 -43 182
0 -12 168
2 225 -217
1 240 101
3 -133 -232
2 197 -269
3 -100 -167
0 -4 196
3 -160 -175
2 205 -240
3 -121 -215
1 262 71
2 197 -242
2 228 -295
2 232 -269
2 248 -260
2 245 -253
0 -43 213
1 231 113
2 226 -263
2 237 -209
3 -132 -209
3 -138 -232
0 -30 190
0 -52 213
2 234 -223
3 -142 -223
1 263 98
3 -149 -205
3 -170 -228
1 228 99
3 -154 -250
0 -44 227
2 211 -229
0 -15 236
1 267 121
1 235 84
0 -28 178
1 245 118
1 245 91
2 224 -253
1 285 84
1 259 109
1 276 136
0 -26 179
2 232 -262
3 -129 -240
0 18 196
2 220 -190
0 -37 186
0 -20 198
3 -106 -235
0 -25 225
3 -148 -239
0 -9 193
0 -73 243
3 -152 -196
1 242 124
1 299 110
2 224 -217
3 -99 -206
0 -59 192
2 251 -244
3 -146 -218
2 219 -257
3 -122 -188
0 -52 240
1 281 84
3 -172 -218
3 -167 -226
3 -116 -234
1 249 109
3 -180 -220
0 -33 229
3 -85 -206
3 -118 -219
0 -41 219
0 -28 185
2 214 -192
0 -51 201
0 -50 206
2 274 -218
3 -151 -227
3 -139 -244
2 267 -271
1 227 104
0 -59 168
1 229 90
0 -32 220
2 242 -250
3 -153 -220
3 -125 -230
3 -114 -234
0 -62 -21
3 -155 -252
2 184 -244
3 -140 -184
