7500
1 -322 347
4 -137 188
1 -350 355
7 -40 167
5 -149 -245
5 -114 -268
6 323 -335
4 -131 214
5 -166 -272
8 69 45
8 38 47
8 75 62
8 75 63
9 -220 -70
1 -359 355
6 310 -304
5 -130 -290
3 -344 155
7 -58 138
8 76 51
3 -338 166
0 335 35
6 317 -332
7 -66 175
0 321 21
2 308 192
1 -336 340
7 -62 167
0 307 41
8 82 30
5 -172 -298
9 -211 -119
6 306 -304
1 -334 328
5 -122 -264
9 -221 -92
8 60 57
7 -35 176
1 -330 349
8 59 61
6 295 -318
5 -134 -297
5 -171 -281
2 329 185
1 -313 325
0 303 14
4 -143 221
7 -38 178
1 -325 316
1 -317 348
9 -227 -138
3 -352 197
9 -212 -94
4 -128 204
0 285 30
8 63 63
7 -40 164
3 -392 191
8 65 45
3 -354 210
7 -7 165
3 -372 186
8 64 74
2 314 219
5 -125 -275
6 321 -341
1 -316 331
9 -204 -109
0 274 61
7 -1 165
4 -123 181
5 -126 -263
4 -159 197
0 321 22
3 -393 182
7 -35 151
1 -341 352
5 -174 -268
6 297 -312
7 -44 167
9 -205 -68
0 283 39
7 -27 171
0 282 20
7 -46 172
4 -169 199
5 -125 -259
3 -372 184
3 -373 218
3 -351 158
3 -372 176
0 286 17
4 -134 205
1 -328 346
2 284 217
6 335 -327
6 292 -332
1 -360 349
0 315 17
5 -118 -261
5 -119 -270
1 -349 340
4 -169 212
7 -48 147
2 313 187
7 -15 144
6 319 -326
6 313 -339
4 -145 179
7 -34 162
6 324 -334
2 306 191
1 -313 319
8 52 59
3 -342 193
0 293 -3
1 -318 363
5 -153 -272
8 92 81
4 -125 206
0 286 26
8 50 65
3 -357 155
1 -349 332
6 321 -316
4 -150 167
4 -141 213
6 330 -310
3 -376 167
1 -333 342
6 306 -303
7 -34 141
8 65 67
7 -55 183
0 330 64
4 -144 187
0 301 31
2 306 197
8 69 84
8 48 63
2 332 181
5 -133 -280
0 337 52
1 -345 332
8 60 62
1 -342 319
5 -124 -276
7 -73 179
2 305 204
0 297 38
6 301 -322
8 72 43
8 90 71
6 321 -281
6 271 -310
3 -363 203
7 -58 185
3 -339 198
7 -35 162
1 -354 373
8 58 63
1 -329 331
8 54 81
1 -351 338
1 -322 300
6 324 -318
8 69 64
6 345 -294
0 302 30
4 -149 177
7 -48 171
9 -240 -93
6 306 -293
5 -150 -250
6 330 -288
5 -146 -285
1 -350 338
8 74 39
1 -346 339
4 -155 195
6 319 -303
1 -380 356
7 -33 165
2 287 225
9 -244 -65
0 283 44
8 97 13
6 319 -312
2 287 193
5 -131 -271
3 -346 193
7 -17 179
0 275 1
5 -127 -237
1 -346 303
0 297 36
3 -381 191
9 -201 -88
7 -30 183
3 -358 152
0 310 -6
9 -226 -91
3 -382 164
8 75 37
1 -330 327
0 298 16
4 -148 214
6 277 -313
4 -141 178
8 68 79
6 291 -310
0 299 4
2 300 176
4 -139 187
9 -246 -78
9 -230 -111
4 -162 215
2 301 189
5 -165 -248
8 58 62
6 296 -275
3 -356 177
2 252 213
8 79 83
0 306 -8
9 -226 -93
9 -224 -87
2 283 223
7 -21 149
3 -353 166
4 -165 183
8 72 52
1 -309 322
0 310 21
0 304 20
6 285 -309
7 -5 162
4 -178 223
2 314 218
3 -372 179
9 -215 -87
2 318 224
3 -381 171
8 81 66
9 -230 -85
4 -167 197
0 301 18
7 -28 155
9 -230 -90
9 -235 -98
7 -53 162
7 -70 147
9 -202 -118
1 -328 345
9 -223 -97
8 62 59
2 301 190
2 305 202
9 -218 -113
2 286 219
5 -129 -259
2 297 252
3 -369 153
5 -153 -284
8 69 38
0 314 43
0 324 39
4 -120 208
6 318 -330
1 -314 361
4 -137 213
1 -330 305
9 -211 -62
1 -325 353
8 42 89
9 -214 -71
1 -321 318
6 305 -309
5 -137 -271
7 1 167
3 -381 190
5 -127 -238
7 -36 162
8 97 63
2 300 189
0 312 54
5 -140 -308
2 316 189
4 -125 214
5 -152 -284
2 307 176
0 277 51
6 296 -319
3 -388 165
8 61 65
6 288 -333
2 288 170
7 -38 176
4 -167 172
3 -365 198
2 265 182
0 296 27
1 -362 310
8 67 44
3 -394 185
4 -158 180
3 -352 178
8 89 53
8 62 52
6 307 -302
0 299 24
5 -142 -268
0 280 63
7 -27 172
3 -349 175
5 -142 -268
5 -132 -284
2 290 210
9 -210 -62
3 -343 150
0 298 27
7 -72 144
2 281 245
8 73 45
8 88 60
4 -131 208
8 50 52
5 -119 -277
2 295 221
3 -340 181
2 273 202
8 78 84
1 -337 385
9 -211 -95
1 -304 361
2 304 221
1 -330 348
9 -218 -65
7 -42 189
5 -122 -284
0 331 28
3 -347 187
1 -307 339
9 -187 -92
0 346 45
0 323 46
0 322 43
4 -159 197
8 53 50
0 309 25
0 321 20
9 -210 -90
4 -156 191
2 325 202
8 80 61
3 -344 137
4 -132 163
1 -354 312
7 -43 178
8 75 64
1 -331 336
7 -42 169
2 302 207
5 -129 -270
5 -153 -289
0 280 16
0 302 29
5 -126 -270
5 -159 -282
9 -232 -66
5 -147 -257
3 -343 194
9 -223 -92
8 54 85
9 -230 -92
7 -64 177
1 -313 352
4 -141 203
1 -367 327
6 352 -315
8 42 80
1 -348 360
1 -352 325
9 -225 -79
0 300 36
4 -135 201
8 51 63
5 -141 -288
4 -124 209
8 38 58
0 328 50
3 -372 176
2 292 202
1 -355 320
5 -129 -255
4 -188 193
4 -133 190
0 338 36
7 -57 166
0 295 28
8 50 70
2 305 219
9 -259 -105
0 286 63
4 -144 193
9 -220 -72
8 48 78
5 -161 -274
4 -158 195
5 -123 -258
9 -221 -76
2 295 190
1 -332 340
7 -28 181
5 -170 -254
5 -136 -281
0 310 44
0 323 38
9 -222 -52
9 -213 -81
9 -211 -95
7 -25 175
8 57 44
7 -68 152
9 -248 -105
9 -219 -96
9 -236 -79
8 75 63
8 56 42
3 -352 153
1 -350 355
9 -227 -86
0 307 17
7 -38 207
3 -390 172
0 291 52
6 290 -291
0 292 27
9 -227 -84
8 79 50
4 -151 203
0 297 48
9 -197 -83
5 -108 -286
5 -113 -260
4 -142 179
8 80 65
7 -47 160
8 83 38
5 -155 -253
2 278 162
4 -134 226
9 -241 -101
1 -317 354
1 -350 350
1 -356 345
4 -123 188
7 -77 151
5 -165 -222
6 300 -312
4 -174 199
7 -63 163
9 -228 -69
7 -64 160
0 310 33
8 93 60
9 -237 -90
6 338 -306
7 -82 170
1 -353 318
9 -209 -91
4 -125 210
9 -243 -67
6 287 -325
8 64 82
5 -150 -275
7 -36 156
8 31 59
6 330 -280
2 303 198
8 55 7
8 73 63
3 -366 168
2 293 209
4 -141 209
3 -343 172
6 306 -307
8 63 44
9 -223 -72
9 -191 -85
3 -360 166
6 270 -295
4 -144 217
9 -211 -83
5 -168 -303
4 -165 202
7 -17 158
1 -315 334
3 -367 182
7 -45 146
9 -195 -62
6 303 -333
5 -123 -271
6 302 -299
3 -360 159
2 289 212
1 -359 327
1 -346 342
1 -363 343
9 -209 -69
8 102 53
2 301 218
8 89 44
7 -46 167
2 313 192
9 -184 -88
0 340 40
5 -125 -252
5 -85 -279
4 -143 221
9 -231 -89
6 289 -327
4 -147 209
7 -48 186
7 -35 140
3 -374 156
5 -154 -298
7 -26 158
2 333 204
2 287 196
7 -49 176
1 -334 330
9 -196 -95
8 87 70
9 -223 -82
5 -188 -269
8 94 37
5 -127 -291
8 71 60
9 -232 -119
0 318 -6
1 -333 312
4 -112 206
2 257 190
0 307 43
3 -324 154
7 -52 151
8 62 62
1 -348 321
3 -380 192
4 -95 193
9 -216 -95
3 -377 199
8 58 82
7 -42 204
4 -157 196
2 272 201
0 335 50
6 290 -309
2 302 156
2 278 207
7 335 169
5 -127 -249
8 66 29
0 306 50
1 -337 314
5 -139 -303
1 -333 345
2 293 181
7 -42 174
3 -337 183
5 -152 -286
8 90 56
6 322 -329
3 -344 177
2 288 195
0 301 29
8 54 74
7 -40 174
1 -358 324
6 313 -299
8 88 70
9 -239 -46
5 -125 -270
9 -217 -89
9 -201 -72
8 83 75
9 -267 -84
6 335 -299
8 83 66
4 -165 213
3 -366 175
6 306 -319
7 -41 161
1 -364 341
0 292 36
9 -226 -132
5 -169 -313
0 299 -5
4 -127 239
1 -297 352
3 -367 178
0 306 16
1 -347 311
7 -34 165
9 -244 -84
5 -142 -306
1 -320 337
7 -11 185
8 91 67
7 -54 147
7 -48 157
5 -93 -303
5 -155 -302
5 -155 -290
0 341 19
7 -53 169
3 -355 211
5 -162 -283
2 286 208
1 -342 327
6 306 -314
6 304 -306
3 -339 196
5 -125 -266
7 -1 163
7 -41 175
4 -114 208
0 282 31
9 -220 -64
0 336 37
5 -135 -242
4 -147 214
4 -139 243
0 290 15
6 288 -290
9 -224 -94
2 302 199
8 86 35
3 -324 190
9 -223 -95
9 -200 -72
2 295 178
1 -354 372
4 -159 231
9 -198 -73
7 -25 174
7 -58 167
9 -230 -83
1 -332 348
0 293 40
4 -149 195
6 312 -322
7 -37 148
5 -128 -253
3 -324 176
9 -219 -89
5 -130 -254
6 289 -323
6 308 -319
7 -23 182
3 -367 147
2 304 212
1 -321 325
0 308 25
7 -34 196
9 -235 -98
6 299 -301
6 294 -334
3 -355 162
6 287 -315
7 -45 156
2 322 188
3 -392 194
6 301 -322
4 -145 207
9 -197 -99
1 -324 355
6 306 -299
7 -21 149
8 70 68
3 -354 170
6 320 -316
2 289 206
5 -130 -261
9 -218 -103
0 287 21
4 -153 219
6 336 -291
6 313 -305
5 -125 -285
4 -142 176
0 315 26
4 -150 214
7 -42 147
7 -41 191
0 310 38
7 -33 168
5 -137 -273
5 -102 -280
0 303 37
7 -30 164
6 350 -344
5 -140 -264
6 320 -301
6 297 -317
1 -303 375
0 292 12
2 307 159
5 -159 -278
0 305 18
1 -318 370
7 -57 174
6 333 -337
9 -244 -130
2 313 213
6 302 -323
9 -240 -66
4 -115 232
9 -234 -72
6 311 -322
8 48 70
4 -148 201
6 296 -296
6 331 -339
6 339 -297
6 312 -326
5 -130 -267
1 -362 329
3 -365 165
2 289 193
0 289 35
1 -351 331
9 -218 -76
3 -368 156
3 -356 163
5 -137 -256
5 -132 -272
2 273 191
9 -192 -77
9 -207 -73
3 -357 156
5 -144 -281
4 -126 220
5 -141 -301
6 302 -296
2 319 174
2 296 190
6 318 -329
7 -10 156
9 -221 -73
5 -169 -282
4 -134 208
2 280 197
5 -143 -259
7 -13 194
4 -126 221
5 -159 -300
4 -154 218
4 -148 203
3 -362 193
3 -369 185
6 328 -332
4 -150 196
2 -202 181
9 -178 -44
5 -136 -225
6 309 -312
4 -177 214
4 -140 229
6 275 -291
2 287 205
5 -141 -271
5 -133 -291
2 297 208
4 -128 200
5 -147 -270
9 -197 -112
8 50 37
0 319 39
7 -66 175
3 -324 181
1 -343 333
2 280 172
1 -342 327
4 -159 204
1 -355 380
3 -369 171
1 -358 317
4 -113 188
5 -98 -262
2 317 202
1 -324 343
2 320 192
4 -146 214
7 -21 182
4 -153 208
2 312 198
4 -146 194
5 -149 -301
2 284 199
4 -156 189
6 317 -309
6 330 -304
7 -47 165
5 -123 -311
0 314 16
5 -129 -292
0 307 34
4 -167 208
1 -322 333
3 -347 165
4 -143 206
6 296 -315
9 -226 -89
0 329 22
4 -123 208
0 282 61
6 361 -325
3 -392 163
3 -355 189
1 -342 332
0 322 18
8 78 78
5 -111 -280
5 -130 -282
7 -42 193
7 -43 144
2 292 208
9 -224 -89
8 82 68
6 344 -381
1 -324 345
8 66 62
8 97 57
5 -179 -273
4 -133 213
4 -123 222
7 -50 179
4 -133 216
8 84 80
8 72 37
8 44 59
3 -347 190
7 -27 178
1 -335 374
6 299 -281
8 79 86
5 -134 -310
1 -345 352
2 309 197
6 312 -354
5 -119 -264
3 -362 176
9 -240 -102
5 -150 -265
1 -344 321
9 -184 -67
7 -52 188
8 70 50
9 -245 -91
6 320 -296
2 323 219
1 -324 303
4 -166 233
6 318 -323
3 -368 156
7 -25 196
8 70 183
4 -134 210
0 312 58
2 316 198
0 316 17
8 71 62
0 301 12
3 -391 155
9 -206 -100
5 -151 -284
9 -203 -84
1 -323 351
5 -137 -282
7 -46 150
0 314 24
9 -220 -97
2 267 162
1 -346 336
5 -137 -293
9 -207 -106
8 78 72
3 -354 173
4 -148 180
0 318 4
5 -129 -283
8 62 57
4 -156 206
4 -148 196
7 -29 163
1 -316 314
2 303 194
0 311 18
1 -324 344
8 74 36
3 -357 163
6 318 -305
8 73 24
4 -158 205
4 -141 189
0 310 32
6 290 -311
6 309 -308
9 -212 -82
7 -44 169
8 58 22
4 -158 211
0 290 35
1 -340 335
6 312 -318
4 -169 184
6 326 -291
5 -124 -260
6 321 -337
1 -351 370
3 -354 194
8 74 27
4 -182 190
3 -368 184
4 -147 191
4 -143 199
8 56 51
3 -345 178
4 -159 213
6 305 -298
8 60 81
0 324 21
5 -143 -241
1 -334 332
2 295 200
1 -328 333
7 -49 138
8 75 71
5 -139 -265
6 310 -314
9 -212 -83
0 277 22
1 -323 341
1 -329 320
5 -134 -270
1 -353 344
8 73 91
2 299 199
7 -32 181
1 -337 372
2 334 166
7 -54 158
5 -160 -275
6 376 -324
4 -131 229
3 -363 146
4 -151 188
6 341 -308
0 288 24
0 313 0
5 -145 -259
6 300 -300
7 -41 158
6 316 -293
7 -21 147
3 -337 152
2 298 192
1 -329 347
9 -209 -94
5 -140 -259
7 -41 143
8 63 73
1 -321 340
7 -30 173
9 -199 -70
1 -336 333
8 48 61
7 -45 184
2 307 195
8 12 31
5 -133 -281
1 -330 334
1 -366 329
2 288 192
1 -325 347
1 -345 326
1 -357 335
7 -22 157
6 318 -324
1 -332 327
9 -214 -110
0 312 31
4 -148 184
1 -323 354
8 98 45
0 334 21
8 92 44
0 302 14
8 112 39
3 -369 179
9 -221 -108
2 295 182
4 -150 203
5 -135 -287
1 -361 364
3 -341 167
8 82 70
2 281 235
2 272 191
6 279 -330
1 -335 318
3 -354 202
2 278 165
2 313 212
3 -338 185
7 -33 177
8 72 36
0 303 6
6 311 -333
5 -173 -234
9 -229 -89
5 -128 -264
6 318 -316
3 -348 188
1 -339 334
1 -323 361
4 -131 212
2 308 209
2 273 169
6 369 -311
2 316 201
3 -385 189
9 -231 -101
1 -329 332
1 -323 351
8 43 70
7 -62 157
0 305 72
3 -350 170
4 -123 211
1 -314 336
7 -46 163
8 56 44
7 -17 181
9 -231 -86
7 -56 171
3 -343 132
6 341 -304
5 -119 -266
7 -62 170
2 300 174
7 -17 186
5 -147 -278
1 -334 340
6 322 -309
6 312 -320
6 351 -320
4 -126 177
1 -332 313
8 59 64
5 -148 -275
5 -142 -300
4 -132 212
4 -162 170
0 298 -17
8 69 82
9 -197 -90
2 320 221
5 -165 -275
7 -35 155
2 289 233
5 -136 -315
6 316 -269
8 93 54
6 316 -302
3 -336 179
7 -48 172
3 -363 166
9 -187 -68
6 289 -298
7 -40 189
2 320 214
2 302 209
2 289 195
8 79 57
3 -365 181
9 -210 -79
6 317 -307
6 336 -332
6 323 -353
5 -152 -270
8 73 57
5 -149 -271
9 -193 -121
9 -212 -47
6 308 -317
8 74 40
3 -358 177
3 -395 178
6 305 -299
9 -212 -140
4 -142 220
4 -142 222
5 -145 -279
9 -237 -103
7 -42 154
8 68 69
2 326 200
8 57 67
2 324 214
2 306 197
9 -211 -108
0 263 27
3 -354 169
2 306 197
4 -151 177
6 306 -309
0 308 49
1 -355 374
8 66 45
9 -225 -65
9 -229 -77
7 -25 138
0 308 24
6 315 -335
8 73 43
9 -229 -54
6 320 -312
1 -356 363
3 -340 211
1 -333 330
0 303 19
2 308 174
8 44 20
0 300 -6
9 -216 -103
5 -151 -257
0 298 43
5 -149 -238
2 322 187
5 -153 -216
5 -151 -281
6 308 -294
9 -241 -91
2 307 236
3 -367 157
9 -257 -96
3 -369 176
1 -336 348
1 -323 325
0 329 -2
2 277 220
7 -23 190
4 -128 194
7 -36 151
5 -121 -280
6 328 -289
4 -136 189
4 -120 223
1 -320 335
8 71 48
1 -352 338
9 -208 -99
2 325 187
0 297 32
7 -23 221
4 -157 168
1 -353 350
0 303 42
7 -21 159
2 275 206
0 286 2
1 -347 365
4 -118 203
5 -141 -279
6 321 -328
7 -22 173
7 -29 180
2 287 238
6 315 -281
0 299 17
2 278 207
4 -169 195
9 -196 -81
3 -372 169
8 84 71
1 -358 374
3 -368 180
1 -358 340
4 -171 217
6 285 -329
1 -355 304
7 -41 168
7 -34 144
8 73 59
8 69 48
5 -137 -231
6 299 -315
9 -212 -71
7 -54 141
5 -160 -290
0 307 22
3 -354 179
1 -342 338
5 -154 -295
4 -129 231
2 293 209
9 -248 -112
2 308 179
5 -160 -270
5 -129 -251
6 302 -333
9 -212 -89
5 -144 -251
8 37 47
0 311 18
6 343 -318
3 -333 160
1 -361 337
3 -338 173
6 291 -329
9 -217 -62
0 305 23
9 -198 -112
9 -229 -101
5 -142 -290
9 -229 -97
8 103 46
1 -328 333
5 -138 -265
5 -123 -287
5 -153 -264
2 286 204
8 86 51
4 -138 228
6 320 -294
0 290 27
3 -358 210
6 299 -324
5 -127 -271
7 -36 163
3 -356 183
5 -143 -265
7 -26 212
0 266 28
4 -153 219
2 317 192
9 -231 -101
3 -379 166
1 -334 323
1 -346 361
6 299 -308
2 284 225
3 -383 177
6 317 -297
7 -21 187
9 -198 -61
5 -153 -293
5 -161 -280
0 314 15
3 -374 158
1 -333 341
1 -353 330
3 -346 179
0 258 30
9 -185 -90
9 -215 -102
1 -339 327
8 54 58
7 -39 201
6 322 -288
6 305 -305
0 292 20
2 304 172
7 -29 162
1 -333 350
9 -191 -79
5 -169 -261
4 -162 191
9 -195 -105
2 308 232
0 319 24
6 309 119
9 -218 -93
8 82 91
6 304 -321
4 -137 203
8 78 64
7 -17 158
7 -26 156
3 -395 154
8 59 61
2 303 220
8 56 59
1 -364 329
9 -211 -81
9 -205 -96
0 337 -3
6 314 -310
9 -216 -74
6 310 -310
5 -124 -295
8 39 46
4 -148 200
4 -138 193
5 -108 -263
1 -345 337
5 -123 -271
5 -172 -264
9 -203 -79
4 -129 239
1 -339 366
4 -145 213
0 322 38
3 -367 154
8 72 36
3 -356 166
7 -43 136
5 -127 -305
8 71 58
1 -347 341
5 -129 -265
8 60 67
7 -31 174
9 -200 -94
8 92 59
1 -329 349
7 -32 150
9 -202 -80
5 -141 -304
0 305 31
9 -216 -84
3 -352 173
7 -43 170
3 -367 180
8 65 54
8 63 40
9 -229 -89
5 -147 -275
6 297 -284
4 -146 220
8 67 51
2 286 193
6 305 -317
5 -132 -254
0 322 70
8 65 59
3 -366 175
3 -345 185
1 -373 341
8 86 29
2 301 204
6 312 -323
9 -199 -60
6 310 -305
9 -229 -110
5 -145 -287
2 297 217
8 64 66
8 54 83
2 305 210
0 297 22
2 336 168
1 -345 364
9 -224 -74
7 -39 179
9 -193 -100
2 307 205
7 -41 172
3 -368 153
2 290 202
1 -353 351
8 82 71
3 -359 156
2 285 188
9 -221 -117
9 -235 -80
1 -334 330
9 -224 -103
4 -159 220
3 -358 166
7 -19 182
0 293 -5
3 -387 191
1 -338 353
9 -229 -105
2 277 203
8 65 59
0 262 31
7 -40 173
0 325 48
8 53 96
3 -381 190
6 290 -332
7 -57 164
6 273 -314
9 -192 -67
3 -367 172
5 -140 -285
0 280 26
2 280 176
0 304 21
5 -143 -247
4 -142 208
1 -355 331
7 -27 148
9 -210 -100
4 -124 197
7 -37 166
4 -146 186
9 -231 -106
0 296 35
9 -236 -69
9 -224 -71
6 311 -323
6 279 -301
6 292 -323
9 -212 -104
4 -163 223
2 270 194
6 328 -298
3 -350 159
4 -154 196
8 45 85
4 -114 185
9 -225 -74
7 -16 155
2 281 194
8 72 89
7 -54 184
7 -36 157
0 313 -5
3 -344 190
6 290 -297
5 -144 -260
9 -221 -66
6 336 -315
1 -352 332
1 -328 344
6 299 -316
5 -145 -300
0 294 20
4 -139 195
5 -129 -277
3 -371 181
2 298 202
0 328 10
6 336 -332
5 -170 -300
2 299 201
5 -134 -247
1 -336 342
4 -138 181
7 -65 167
2 315 165
3 -356 187
7 -39 239
1 -355 357
1 -319 322
5 -107 -271
3 -357 167
2 303 192
2 308 180
7 -25 193
6 293 -317
5 -156 -288
5 -147 -260
8 92 48
4 -149 194
5 -142 -274
9 -198 -50
6 309 -309
2 273 184
1 -302 348
4 -137 199
9 -224 -91
8 67 44
4 -149 211
2 291 197
3 -349 168
2 296 183
3 -331 168
6 324 -282
9 -211 -83
8 72 49
0 298 34
5 -151 -274
7 -25 171
0 299 32
2 263 200
2 314 242
3 -325 182
3 -349 169
1 -358 329
1 -355 320
7 -24 141
4 -168 237
8 52 61
3 -358 186
1 -347 346
6 301 -306
2 299 192
7 -49 172
4 -111 222
1 -311 345
9 -215 -63
8 72 28
2 300 209
5 -143 -275
3 -337 147
1 -319 357
6 321 -307
2 310 183
4 -133 191
5 -140 -304
2 337 204
5 -103 -254
4 -140 207
7 8 156
9 -210 -105
7 -43 149
6 303 -330
8 61 77
9 -226 -71
8 48 81
7 -11 146
1 -334 338
1 -319 318
0 309 37
1 -321 319
8 97 61
0 312 33
1 -328 341
0 292 54
0 334 49
8 64 22
1 -345 330
1 -336 336
4 -120 172
6 322 -313
4 -125 199
1 -315 302
7 -30 179
0 308 32
2 314 212
5 -168 -261
4 -111 194
2 305 193
9 -238 -97
8 71 74
8 53 27
4 -178 219
5 -137 -275
8 53 59
8 69 55
1 -311 352
5 -157 -264
0 300 18
6 322 -321
7 -24 179
7 -14 156
5 -116 -249
4 -152 225
8 84 58
8 17 82
2 291 208
2 327 201
8 66 94
8 80 59
6 299 -308
0 324 30
9 -212 -73
8 52 43
7 -42 200
5 -166 -274
4 -151 219
5 -149 -276
6 304 -349
7 -23 174
7 -64 164
7 -49 130
3 -362 166
3 -352 180
6 305 -305
5 -136 -306
0 300 39
2 301 172
5 -127 -289
9 -247 -85
3 -374 148
1 -349 333
5 -106 -310
4 -137 196
5 -123 -269
6 299 -311
8 50 41
8 52 50
7 -41 168
9 -221 -93
8 63 72
7 -45 191
3 -343 157
6 303 -286
5 -156 -248
7 -35 156
0 305 42
4 -163 210
9 -208 -80
8 51 41
3 -372 167
3 -344 156
4 -146 229
1 -313 343
6 319 -334
7 -35 164
0 303 67
6 285 -323
5 -138 -247
3 -347 183
1 -350 340
4 -114 201
6 319 -311
0 294 30
0 345 19
7 -39 169
0 290 2
0 309 55
6 318 -324
3 -365 172
0 357 26
4 -142 219
9 -199 -93
4 -157 203
2 296 215
2 300 199
7 -33 176
0 311 39
4 -155 225
5 -120 -269
3 -370 190
3 -359 167
3 -367 179
9 -236 -87
4 -155 231
2 304 153
1 -340 346
0 276 10
4 -104 186
2 303 203
5 -137 -301
4 -104 217
7 -37 145
3 -324 177
2 296 183
1 -340 347
2 267 182
2 317 217
0 302 50
9 -219 -86
4 -144 207
0 307 28
1 -355 319
1 -347 340
9 -228 -63
8 50 41
0 313 40
4 -138 213
3 -360 152
2 288 203
8 67 55
6 263 -330
7 -50 153
3 -376 199
8 69 76
3 -362 155
1 -337 324
8 30 97
0 319 37
8 53 75
4 -130 222
5 -141 -261
0 301 20
4 -152 229
8 73 75
6 301 -337
8 78 39
1 -370 321
0 292 17
7 -45 177
8 65 54
7 -39 168
4 -174 203
4 -173 222
7 -38 150
7 0 169
2 260 198
3 -388 168
0 311 48
2 276 204
9 -218 -84
4 -142 192
8 53 28
3 -361 176
9 -212 -103
9 -206 -83
6 307 -320
3 -337 152
7 -61 141
5 -177 -253
2 273 231
9 -225 -84
4 -159 237
0 303 58
1 -352 328
9 -218 -90
9 -212 -96
8 75 53
4 -145 206
4 -140 209
2 279 168
6 323 -305
6 329 -326
7 -61 162
7 -33 198
2 311 189
8 48 93
3 158 183
0 327 37
8 62 70
0 296 53
0 322 12
0 284 40
8 59 76
1 -322 342
0 323 2
6 319 -293
4 -144 197
0 328 19
7 -56 176
0 314 14
2 289 197
9 -235 -76
7 -45 182
9 -204 -75
5 -124 -253
8 71 43
8 52 63
4 -143 197
4 -140 210
4 -170 216
0 314 19
7 -32 151
6 349 -310
0 284 45
2 299 214
6 287 -351
4 -128 203
5 -168 -289
2 284 169
8 72 75
8 86 71
0 304 20
4 -167 203
1 -359 355
4 -147 219
3 -362 155
6 330 -332
3 -370 152
5 -141 -275
2 296 196
8 71 55
3 -367 156
4 -130 217
4 -159 202
4 -133 193
6 338 -323
3 -347 145
5 -144 -273
4 -151 183
1 -322 361
8 67 67
3 -353 178
0 274 28
0 292 19
4 -138 218
9 -217 -90
2 310 204
3 -387 202
2 308 191
7 -22 184
6 303 -342
6 266 -257
8 68 47
9 -235 -79
8 53 54
3 -388 180
2 289 200
5 -135 -289
0 325 50
7 -40 173
5 -156 -263
6 300 -330
8 70 48
1 -301 355
0 293 -2
8 96 75
4 -126 209
6 320 -296
2 316 215
3 -359 180
9 -202 -89
8 73 67
5 -116 -261
6 334 -294
5 -130 -286
1 -322 353
2 300 193
3 -358 176
8 63 51
3 -368 164
8 72 55
2 319 177
5 -136 -287
8 84 52
0 286 43
6 320 -314
0 308 39
9 -223 -76
3 -349 206
6 340 -326
1 -334 352
9 -247 -88
4 -134 217
8 70 60
1 -320 346
4 -129 211
9 -233 -84
4 -140 227
3 -361 174
6 313 -309
6 318 -320
7 -7 173
5 -141 -277
1 -350 331
3 -352 177
8 71 26
5 -138 -250
5 -120 -254
9 -204 -98
6 315 -308
0 332 40
1 -351 352
6 313 -299
8 99 70
4 -134 211
0 316 -1
4 -148 209
4 -123 208
6 297 -309
2 286 182
5 -122 -271
1 -349 343
2 308 174
3 -338 156
2 290 195
0 295 9
9 -234 -95
8 73 66
1 -307 340
0 319 6
9 -255 -71
8 57 47
3 -355 154
8 71 61
4 -132 219
6 322 -312
0 295 67
2 319 205
7 -53 170
6 292 -318
0 336 40
5 -153 -285
5 -127 -291
9 -222 -109
3 -392 179
6 301 -308
3 -367 202
4 -144 174
4 -141 190
1 -340 326
9 -222 -104
7 -23 164
9 -234 -107
7 -51 189
3 -378 174
2 290 196
2 288 174
9 -221 -113
2 289 165
4 -171 187
7 -17 174
9 -209 -90
9 -211 -72
2 324 200
7 -21 177
4 -147 178
8 57 63
1 -323 342
5 -122 -262
8 78 42
7 -52 183
6 275 -299
5 -139 -323
0 292 25
2 326 234
8 54 39
4 -125 182
8 46 60
0 310 57
8 77 50
5 -136 -274
5 -140 -276
8 81 78
0 332 36
7 -21 164
4 -139 230
4 -137 192
7 -42 183
5 -171 -282
2 276 192
0 315 12
0 297 25
0 300 32
9 -227 -105
7 -69 165
1 -351 360
3 -300 173
5 -126 -266
4 -143 210
8 55 56
3 -385 152
4 -139 183
9 -210 -87
5 -138 -281
0 308 11
1 -340 346
1 -317 354
7 -59 156
0 319 6
0 276 21
8 71 60
2 306 189
8 83 81
5 -141 -266
8 76 54
6 326 -322
1 -341 367
6 303 -326
4 -154 179
3 -351 160
5 -145 -280
7 -39 172
5 -151 -273
6 297 -281
3 -384 195
6 299 -327
5 -116 -272
1 -352 338
1 -354 338
6 346 -330
9 -233 -71
7 -44 195
0 311 32
0 327 48
1 -351 353
6 340 -307
0 329 37
2 286 177
0 301 20
3 -365 158
0 324 17
6 301 -313
2 296 210
5 -113 -277
5 -158 -261
4 -153 199
9 -227 -71
1 -349 345
3 -348 160
0 310 30
1 -354 342
0 256 21
8 69 40
8 31 83
6 291 -308
3 -347 183
6 322 -327
3 -379 168
7 -58 163
0 316 6
4 -146 215
7 -30 198
1 -339 353
1 -355 325
2 270 190
1 -313 313
3 -385 222
6 311 -328
9 -198 -83
8 81 70
2 332 185
7 -54 154
9 -239 -109
8 104 34
2 299 213
3 -336 160
4 -161 199
5 -127 -250
1 -304 363
3 -335 178
5 -163 -291
8 58 67
8 42 70
0 339 43
5 -142 -275
9 -210 -91
2 276 173
7 -72 168
3 -374 192
9 -184 -84
6 297 -281
5 -164 -321
7 -25 170
7 -57 195
3 -358 186
1 -374 331
9 -225 -104
0 287 21
2 307 190
4 -145 183
6 298 -334
2 299 183
7 -40 172
0 302 55
5 -152 -289
1 -354 361
1 -313 320
6 318 -302
0 262 27
3 -351 167
4 -136 195
7 -51 182
2 287 185
3 -346 183
4 -151 231
8 64 56
5 -126 -276
1 -354 322
1 -343 331
1 -329 308
9 -219 -88
1 -338 351
9 -199 -117
1 -336 350
1 -350 343
0 286 25
5 -156 -267
9 -235 -82
9 -217 -93
5 -117 -296
5 -155 -278
6 305 -312
1 -350 346
8 97 43
1 -307 359
5 -129 -300
8 65 34
9 -232 -106
4 -146 228
0 300 18
4 -158 177
8 92 62
9 -218 -68
3 -355 170
5 -148 -271
9 -237 -87
3 -347 161
9 -244 -90
2 310 190
3 -345 186
1 -374 331
6 333 -336
3 -370 175
9 -204 -88
6 276 -294
7 -11 183
0 295 20
9 -215 -83
0 283 11
9 -204 -88
3 -333 194
6 319 -322
5 -108 -269
1 -349 356
9 -219 -116
0 304 3
8 80 34
8 67 59
4 -137 184
5 -149 -272
2 305 230
8 77 34
5 -151 -304
7 -17 157
6 315 -325
9 -214 -112
1 -331 324
3 -352 165
8 72 69
8 74 106
0 326 38
5 -148 -303
2 334 196
1 -344 347
8 48 61
8 79 45
8 82 75
9 -194 -97
4 -130 217
1 -352 355
9 -215 -100
4 -121 189
9 -220 -47
1 -316 349
1 -319 333
6 347 -300
8 60 53
2 286 168
1 -350 347
5 -109 -259
2 282 192
6 324 -310
3 -387 164
3 -344 154
3 -366 175
0 317 50
8 61 67
3 -367 176
2 305 193
7 -69 182
8 59 58
0 280 33
4 -163 224
2 304 185
8 66 55
7 -57 151
8 63 39
6 298 -327
4 -159 189
4 -176 193
2 285 178
3 -354 186
9 -214 -85
6 306 -296
2 316 189
9 -207 -44
5 -150 -287
0 296 13
7 -73 190
2 307 193
6 325 -329
7 -26 164
2 285 205
0 286 16
4 -122 214
0 310 -6
5 -136 -286
6 326 -315
0 295 34
2 290 217
9 -202 -75
4 -147 193
8 47 61
0 297 11
7 -56 165
9 -198 -102
9 -205 -109
2 265 209
8 79 78
7 -29 179
1 -326 351
2 262 184
6 344 -342
7 -19 143
1 -316 326
9 -228 -91
4 -180 198
6 329 -312
0 287 32
6 285 -314
8 50 71
8 99 77
6 305 -339
9 -201 -123
7 -26 169
5 -145 -311
8 69 66
9 -201 -69
1 -337 347
5 -139 -260
8 59 58
8 44 74
0 324 30
1 -337 339
0 321 53
7 -24 158
2 293 206
8 50 69
2 308 201
2 304 204
5 -131 -269
2 278 182
2 278 184
8 61 67
5 -158 -275
9 -207 -87
2 263 173
7 -45 164
3 -373 185
4 -153 195
8 64 88
9 -234 -85
5 -110 -303
5 -161 -287
2 328 186
0 307 20
8 68 76
0 302 65
1 -316 337
4 -147 225
2 264 190
6 291 -315
2 292 197
0 291 24
8 60 53
0 308 6
1 -345 331
2 277 217
9 -210 -81
2 305 189
7 -36 157
7 -18 154
8 65 70
9 -226 -105
0 288 28
1 -319 344
9 -232 -83
3 -370 188
4 -137 199
1 -333 362
3 -357 162
4 -137 199
8 44 61
8 68 34
3 -350 207
3 -368 169
0 310 46
4 -165 217
0 310 28
9 -229 -96
3 -375 162
1 -339 346
8 54 76
3 -352 193
8 86 62
3 -376 170
9 -216 -96
8 65 80
1 -333 331
1 -318 357
2 298 227
8 89 53
4 -110 220
8 50 85
8 71 53
6 325 -333
7 -40 200
8 79 66
6 315 -311
9 -230 -56
7 -27 159
1 -386 338
7 -32 165
5 -145 -290
8 72 45
1 -333 358
3 -361 159
9 -210 -72
4 -190 203
2 308 208
9 -189 -77
3 -354 143
2 283 221
0 278 17
6 313 -302
4 -138 191
4 -147 176
7 -48 151
4 -132 209
1 -361 327
1 -318 324
4 -141 204
9 -226 -82
8 74 69
3 -361 211
1 -370 318
7 -28 186
6 305 -304
3 -324 178
6 284 -352
0 284 35
5 -140 -296
8 77 73
3 -374 178
1 -358 315
4 -127 204
1 -318 344
5 -150 -258
7 -40 150
2 309 209
8 87 64
3 -368 164
1 -364 345
7 -34 149
7 -32 161
0 289 48
4 -143 228
9 -221 -84
7 -53 167
2 289 206
7 -17 160
9 -203 -63
2 307 141
2 301 187
1 -320 343
0 309 30
0 285 26
1 -343 337
5 -120 -273
8 46 65
7 -25 199
9 -219 -62
5 -156 -267
6 294 -322
8 44 43
5 -139 -267
9 -182 -84
8 33 50
0 292 -4
9 -231 -78
5 -135 -293
1 -337 356
6 335 -288
1 -306 349
0 318 6
4 -147 186
5 -127 -276
9 -225 -94
5 -169 -304
4 -173 227
3 -366 171
9 -223 -98
0 302 2
2 121 193
4 -119 196
3 -362 184
0 275 20
9 -179 -88
5 -131 -266
2 291 210
2 299 202
0 317 31
2 274 188
4 -133 187
8 50 59
9 -213 -91
0 303 7
0 313 15
7 -35 166
1 -369 324
1 -324 319
0 314 5
5 -142 -287
4 -139 213
3 -343 184
4 -158 183
9 -194 -89
4 -136 222
1 -359 317
9 -236 -119
2 342 186
5 -128 -264
7 -65 164
2 299 201
0 298 23
6 295 -329
1 -331 338
2 301 142
7 -27 211
3 -342 184
2 347 195
1 -340 349
8 80 47
3 -353 168
1 -335 326
1 -318 344
2 283 211
4 -122 206
9 -218 -65
8 65 61
0 321 13
3 -360 161
6 284 -325
2 315 195
1 -332 302
0 329 34
8 44 44
2 291 174
5 -174 -278
8 81 70
3 -353 178
6 312 -274
3 -342 160
5 -115 -282
9 -212 -93
0 285 39
9 -207 -85
3 -360 171
6 333 -324
1 -328 313
5 -148 -266
1 -340 329
4 -149 224
3 -368 142
3 -369 150
3 -341 176
9 -241 -101
5 -115 -264
8 53 76
5 -136 -262
2 291 188
6 332 -309
8 58 81
8 103 55
0 302 45
7 -8 180
6 300 -339
3 -357 178
1 -339 317
0 327 37
6 297 -297
1 -325 347
5 -127 -262
7 -50 176
8 98 52
4 -125 239
3 -398 174
0 317 20
8 46 79
7 -26 138
1 -322 324
6 303 -321
2 295 212
2 319 203
0 312 6
0 322 15
9 -215 -109
6 327 -271
1 -351 327
1 -320 336
9 -232 -73
1 -336 325
8 79 47
0 284 49
4 -155 203
2 294 220
4 -117 214
1 -337 351
9 -230 -92
5 -127 -269
6 296 -328
5 -141 -253
7 -27 196
6 306 -295
0 314 33
6 309 -306
1 -371 325
3 -384 156
3 -378 179
3 -355 166
7 -44 169
5 -122 -234
0 270 59
4 -182 197
4 -117 184
6 337 -314
5 -147 -259
6 328 -306
7 -27 151
1 -334 330
3 -326 176
3 -380 185
2 330 227
1 -337 324
0 316 36
7 -38 171
0 310 12
0 320 44
2 294 222
1 -342 351
4 -132 200
0 329 14
0 268 -15
0 339 6
5 -123 -304
5 -125 -277
6 308 -328
6 345 -309
7 -29 191
5 -143 -279
7 -36 184
3 -384 205
7 -43 163
2 314 211
5 -147 -260
3 -349 157
4 -134 207
0 335 28
6 303 -322
6 286 -294
1 -335 369
9 -205 -84
6 324 -322
8 37 74
6 311 -308
4 -115 210
2 303 195
6 299 -328
8 65 71
1 -338 347
8 73 57
4 -131 216
1 -335 339
5 -103 -265
5 -129 -291
7 -50 160
6 304 -298
4 -160 159
4 -146 217
2 275 172
3 -374 153
6 317 -333
9 -189 -90
8 75 38
8 81 65
4 -136 220
4 -138 176
7 -25 164
9 -206 -92
8 86 89
1 -321 318
4 -124 219
6 317 -332
9 -244 -91
6 323 -334
1 -312 333
1 -361 336
5 -132 -281
0 305 28
4 -139 222
4 -124 187
6 311 -301
4 -148 185
6 300 -296
3 -350 192
9 -187 -49
0 331 29
5 -156 -254
2 289 209
2 318 195
3 -363 173
6 291 -330
3 -324 163
2 304 184
6 320 -346
7 -57 156
6 321 -317
7 -45 180
6 291 -311
4 -131 205
6 317 -301
3 -370 191
1 -342 355
1 -343 335
6 285 -318
6 260 -291
7 15 143
5 -132 -291
9 -253 -62
4 -159 215
0 318 40
9 -196 -114
9 -200 -88
6 339 -302
6 331 -313
3 -345 197
1 -346 332
9 -232 -77
5 -142 -277
3 -361 181
0 337 40
0 316 32
3 -374 185
1 -334 364
9 -233 -144
8 75 69
4 -163 212
4 -144 190
2 305 182
9 -215 -116
2 262 201
5 -110 -265
1 -373 342
4 -124 192
1 -317 359
1 -331 368
2 263 195
5 -141 -278
6 318 -300
8 58 39
6 303 -329
9 -224 -97
4 -158 238
2 318 209
8 91 70
9 -247 -93
9 -239 -97
9 -210 -83
1 -324 381
9 -193 -85
7 -5 166
6 307 -335
9 -188 -92
3 -358 147
5 -154 -294
6 333 -292
0 306 57
3 -382 161
5 -130 -276
2 301 194
1 -321 338
5 -157 -261
2 304 224
7 -70 152
8 43 73
0 285 17
8 45 74
2 321 210
2 313 216
4 -152 206
6 316 -340
5 -124 -263
5 -122 -280
5 -146 -289
9 -188 -96
8 71 51
6 289 -335
1 -349 348
2 266 178
3 -367 184
1 -340 333
1 -335 345
5 -109 -274
3 -389 182
9 -234 -87
9 -222 -77
7 -18 139
6 278 -307
6 320 -325
8 91 42
3 -347 205
6 314 -315
3 -348 199
7 -24 182
2 318 233
1 -334 317
7 -54 161
5 -166 -267
5 -144 -243
5 -137 -307
7 -66 171
1 -342 351
2 306 205
5 -101 -279
4 -140 196
4 -133 196
6 344 -321
1 -316 326
9 -223 -106
5 -115 -271
1 -340 317
6 300 -315
4 -139 191
1 -331 356
7 -19 194
6 299 -336
9 -197 -101
2 304 216
7 -44 168
9 -224 -78
7 -38 203
6 304 -314
3 -370 160
1 -330 346
9 -209 -110
0 291 16
1 -348 333
8 47 39
4 -128 209
0 313 39
1 -313 369
0 304 50
8 97 59
2 304 214
2 324 186
3 -341 151
3 -399 152
0 311 6
5 -197 -284
3 -345 167
5 -141 -272
8 81 75
1 -332 354
4 -145 188
1 -339 342
0 318 36
3 -354 168
9 -229 -93
6 335 -303
4 -129 213
8 48 47
3 -355 177
7 -23 203
6 314 -289
9 -217 -76
4 -128 218
1 -311 359
9 -214 -103
7 -59 189
2 298 180
3 -342 173
2 279 216
8 49 67
7 -49 179
3 -343 218
6 312 -320
3 -360 170
1 -331 352
2 315 184
9 -188 -52
1 -334 335
7 -23 155
6 329 -298
5 -174 -282
7 -61 165
3 -382 169
5 -137 -269
6 315 -302
8 82 51
4 -154 198
7 -37 165
3 -356 188
2 289 189
4 -141 224
6 338 -308
9 -265 -100
3 -364 169
8 34 72
7 2 155
3 -350 148
9 -227 -88
1 -352 328
2 311 213
5 -117 -274
3 -323 183
6 314 -289
6 303 -331
1 -324 331
8 69 54
0 283 66
4 -156 211
8 61 48
4 -130 190
4 -178 174
1 -320 348
2 317 178
7 -57 151
8 57 61
9 -216 -81
1 -357 337
7 -31 149
8 65 74
3 -365 184
3 -371 173
3 -367 172
6 300 -310
2 298 171
5 -138 -266
4 -131 194
5 -159 -281
9 -220 -81
6 318 -292
9 -228 -103
7 -24 199
4 -151 190
6 297 -340
1 -319 351
1 -320 346
0 285 22
8 79 65
6 330 -328
8 82 76
7 -42 171
5 -148 -278
8 62 76
3 -339 200
1 -352 337
7 -43 146
7 -65 161
6 301 -321
9 -221 -83
1 -376 314
9 -218 -97
9 -215 -100
9 -179 -60
1 -327 352
3 -343 158
3 -364 172
1 -308 346
6 326 -325
8 68 29
2 306 186
6 337 -328
0 319 22
1 -326 344
9 -217 -69
4 -121 206
3 -370 171
7 -36 205
9 -218 -71
6 285 -328
9 -226 -81
5 -145 -266
6 311 -304
7 -31 169
1 -351 356
2 329 205
5 -137 -281
0 284 44
0 320 33
5 -175 -258
8 83 75
8 88 62
5 -123 -263
7 -33 164
9 -236 -80
2 286 215
3 -366 195
9 -223 -75
0 297 16
1 -333 332
0 311 29
4 -140 205
5 -120 -291
8 77 71
8 43 56
8 72 69
9 -202 -96
4 -100 187
6 314 -305
2 317 212
4 -146 191
3 -390 188
6 300 -339
4 -129 222
2 304 217
1 -350 381
3 -370 117
5 -166 -276
3 -363 204
4 -120 217
5 -116 -284
1 -354 353
7 -40 189
8 73 61
7 -38 165
0 313 -22
4 -146 218
8 47 76
9 -203 -93
5 -152 -275
4 -146 182
0 303 2
0 317 46
1 -328 329
8 47 46
3 -354 157
7 -55 169
0 296 19
8 32 82
0 310 49
4 -135 196
6 318 -342
4 -129 189
2 277 180
9 -181 -92
7 0 170
0 309 28
7 -6 179
6 295 -340
6 309 -324
6 280 -314
3 -345 130
2 323 211
9 -206 -90
5 -129 -288
1 -337 344
7 -6 185
8 103 31
4 -167 228
5 -143 -260
9 -215 -77
3 -371 157
1 -337 378
8 95 55
2 331 187
6 313 -289
9 -226 -80
5 -147 -263
7 6 165
1 -299 356
7 -62 175
1 -326 334
5 -129 -244
2 301 215
6 303 -298
1 -340 336
7 -31 140
8 71 56
6 331 -306
9 -197 -66
2 301 220
9 -236 -86
2 341 144
5 -128 -282
4 -164 196
4 -152 183
6 308 -321
9 -199 -111
7 -51 166
8 96 27
0 344 10
9 -217 -75
1 -315 322
5 -115 -274
2 287 211
5 -129 -249
6 309 -306
2 286 188
4 -122 167
1 -337 350
4 -119 214
2 299 194
0 317 -6
8 70 69
0 292 30
5 -157 -259
9 -212 -60
9 -234 -130
0 301 63
9 -193 -67
8 54 61
2 331 181
9 -238 -99
0 306 50
9 -213 -101
9 -169 -103
5 -109 -302
8 55 83
4 -147 213
0 305 26
4 -141 186
8 39 50
9 -214 -96
5 -139 -300
5 -166 -282
8 67 36
9 -200 -74
5 -148 -236
0 332 19
9 -195 -95
4 -129 234
1 -300 342
9 -212 -94
9 -204 -67
1 -321 324
1 -359 359
3 -352 168
6 307 -312
2 275 214
9 -204 -70
3 -379 191
2 294 189
5 -126 -276
0 296 36
0 299 40
4 -93 215
4 -145 223
7 -86 162
0 297 41
9 -192 -93
7 -38 167
0 316 14
4 -118 207
7 -21 195
1 -335 365
5 -128 -261
7 -48 172
0 269 9
0 298 4
1 -350 326
1 -324 336
5 -129 -280
8 68 56
7 -65 184
8 72 53
1 -314 337
4 -139 253
0 323 49
4 -133 187
5 -150 -303
1 -353 335
8 91 58
4 -150 179
0 296 25
2 319 194
9 -209 -98
9 -225 -97
2 286 221
2 285 180
7 -57 158
8 54 54
4 -136 221
0 303 36
7 -63 172
2 282 192
7 -40 157
9 -240 -83
8 84 61
3 -396 151
8 31 42
7 -10 140
9 -251 -74
3 -345 160
4 -132 207
2 307 182
4 -157 248
3 -374 154
4 -121 214
3 -339 182
6 316 -341
5 -135 -275
5 -144 -303
0 305 11
1 -331 319
8 51 25
9 -235 -118
4 -143 171
5 -127 -275
6 318 -297
1 -340 326
3 -358 202
8 46 55
6 277 -304
2 296 219
6 300 -306
5 -147 -289
3 -366 190
4 -147 202
4 -154 228
9 -230 -70
6 306 -306
9 -229 -96
2 283 211
0 294 5
9 -251 -81
7 -13 158
9 -219 -89
6 332 -305
4 -131 180
7 -83 153
4 -142 204
6 307 -335
8 59 61
1 -335 340
1 -343 349
9 -224 -92
2 294 182
8 79 56
4 -157 199
8 45 37
5 -146 -255
0 308 2
9 -212 -79
7 -30 173
1 -324 333
5 -151 -229
9 -206 -94
2 290 190
0 310 0
6 327 -296
2 290 185
2 275 184
7 -43 187
0 308 7
1 -343 306
8 76 50
3 -373 165
8 70 55
8 69 66
0 285 33
4 -163 225
6 330 -313
1 -352 361
9 -210 -83
6 310 -307
3 -355 135
3 -375 191
7 -36 181
3 -381 157
5 -154 -250
0 296 18
7 -26 180
9 -211 -79
7 -53 171
7 -71 192
3 -349 181
7 -37 155
9 -205 -83
4 -164 208
3 -380 150
9 -211 -112
1 -333 344
4 -161 207
6 301 -292
5 -141 -263
5 -129 -279
5 -109 -256
3 -366 156
9 -215 -52
9 -182 -79
3 -356 190
8 66 27
5 -146 -267
3 -358 172
3 -366 190
5 -168 -280
7 -10 160
6 280 -306
5 -155 -244
5 -147 -247
6 298 -315
2 319 178
7 -12 171
8 90 52
8 22 25
0 338 26
0 311 47
4 -168 185
0 305 19
0 292 29
2 294 187
2 318 222
4 -138 191
2 298 202
7 -50 188
8 80 60
8 73 60
1 -320 386
5 -148 -268
6 321 -323
1 -340 346
6 304 -315
2 310 186
7 -43 186
4 -123 192
0 325 17
5 -95 -277
8 66 55
4 -132 210
7 -35 150
6 292 -330
8 86 33
9 -216 -71
5 -147 -273
1 -350 328
9 -222 -119
2 326 188
7 -54 198
9 -184 -111
0 326 11
0 325 23
9 -221 -67
3 -366 179
1 -353 319
0 331 41
0 311 19
0 313 14
1 -362 357
7 -54 169
9 -213 -55
2 300 216
8 52 57
9 -225 -78
8 76 53
8 63 67
2 310 204
7 -28 165
1 -339 314
3 -391 183
5 -158 -289
6 295 -309
1 -346 335
4 -147 184
1 -325 313
3 -351 164
6 323 -306
6 296 -298
7 -39 155
0 309 27
7 -41 179
9 -206 -93
5 -125 -288
2 319 185
2 286 228
2 279 187
0 303 33
6 318 -312
7 -65 153
6 307 -333
2 303 179
4 -144 201
8 108 67
5 -133 -277
8 82 84
1 -366 377
2 292 173
9 -189 -102
2 340 177
0 334 38
2 273 199
6 339 -317
0 319 46
6 359 -313
3 -342 137
1 -326 328
2 325 218
6 307 -319
4 -132 191
7 -69 160
1 -354 336
7 -12 158
8 73 55
6 330 -301
6 353 -346
4 -165 212
4 -138 195
7 -38 169
6 301 -311
5 -142 -272
5 -117 -291
0 314 25
4 -174 207
0 302 18
9 -191 -95
6 312 -338
6 331 -327
0 314 43
0 303 10
9 -206 -84
3 -365 163
7 -61 161
3 -338 205
8 57 64
7 -46 207
4 -173 202
0 285 33
5 -153 -289
5 -139 -255
2 298 207
4 -137 230
3 -374 150
4 -143 220
6 323 -310
5 -130 -278
7 -10 175
7 -27 183
6 292 -302
2 317 166
4 -170 204
0 313 26
2 311 192
6 292 -317
3 -343 186
7 -29 186
1 -332 350
9 -193 -72
7 -52 172
1 -344 369
9 -223 -94
2 313 183
9 -204 -98
7 -20 137
2 304 188
9 -243 -75
3 -343 177
3 -365 182
0 307 18
9 -221 -63
8 52 68
0 303 39
4 -158 235
9 -232 -71
2 287 201
4 -152 276
6 329 -297
2 296 201
9 -225 -96
9 -236 -79
1 -318 355
0 310 23
7 -40 127
9 -218 -95
4 -139 218
5 -137 -291
0 286 35
1 -347 341
0 319 34
0 350 59
3 -365 205
1 -335 334
9 -228 -121
1 -376 321
8 47 56
2 290 189
1 -330 325
3 -332 171
2 317 184
3 -343 193
7 -29 151
3 -327 184
0 298 27
7 -67 145
4 -133 212
2 288 200
9 -235 -92
5 -115 -272
7 -40 198
5 -123 -257
1 -339 365
0 280 -10
9 -215 -112
2 312 192
6 327 -311
9 -227 -134
2 291 180
3 -337 178
8 65 34
7 -52 191
0 288 26
0 277 22
5 -130 -270
1 -348 318
9 -200 -120
8 44 44
8 78 69
0 312 43
7 -31 160
3 -358 176
6 260 -336
0 312 18
4 -146 213
3 -393 185
9 -218 -63
8 43 52
1 -345 355
4 -141 236
2 301 231
0 309 37
8 63 40
4 -171 224
0 292 16
4 -134 208
5 -117 -289
1 -325 349
0 295 24
1 -323 353
7 -7 200
3 -353 140
2 341 196
0 338 28
8 72 73
5 -151 -292
6 315 -318
8 58 45
7 -61 201
9 -249 -71
3 -380 158
5 -138 -279
8 56 52
7 -53 166
1 -354 346
3 -328 203
5 -130 -293
2 303 186
1 -305 339
3 -368 155
5 -136 -253
2 282 191
4 -149 169
9 -224 -80
0 309 45
7 -38 162
7 -24 180
7 -41 153
7 -32 182
5 -158 -274
6 312 -309
6 309 -309
0 292 42
8 51 74
6 308 -331
6 307 -349
7 -23 185
0 316 40
6 309 -328
3 -359 201
2 268 184
3 -370 148
5 -142 -282
8 79 55
2 288 181
0 288 74
1 -361 335
2 316 213
6 300 -325
7 -34 156
0 289 29
8 52 66
9 -230 -95
8 69 70
8 68 81
9 -222 -85
9 -213 -90
0 315 40
5 -149 -267
0 309 24
1 -342 343
3 -368 182
1 -351 345
5 -129 -258
8 77 52
4 -162 207
8 94 48
5 -114 -261
4 -162 185
8 86 41
0 305 42
1 -352 338
1 -331 349
3 -368 164
9 -229 -65
3 -360 162
5 -128 -299
1 -329 334
2 346 230
1 -316 342
2 320 196
9 -220 -88
2 325 193
9 -255 -81
8 59 63
6 305 -345
5 -138 -274
4 -153 193
7 -42 196
1 -371 299
9 -212 -110
4 -126 224
7 -12 160
9 -253 -78
4 -126 214
6 286 -329
4 -154 221
6 318 -331
8 100 48
3 -344 188
5 -122 -306
7 -37 156
8 70 57
6 286 -302
5 -151 -261
8 63 82
0 308 9
9 -221 -114
1 -338 319
0 309 20
7 -38 186
0 303 36
8 61 42
1 -330 325
4 -171 215
9 -229 -52
0 304 65
0 329 43
4 -144 219
9 -219 -75
9 -223 -104
1 -338 351
7 -41 182
0 305 47
8 65 52
8 47 44
8 66 73
1 -348 344
4 -140 204
3 -344 184
1 -374 356
2 309 190
8 56 70
1 -344 325
6 321 -324
7 -15 132
9 -226 -81
4 -121 191
4 -134 212
6 311 -285
2 300 241
8 87 52
1 -337 318
4 -145 217
8 81 28
6 297 -319
6 313 -320
4 -133 173
4 -147 189
2 325 180
0 316 39
1 -363 352
1 -339 336
7 -41 171
0 278 39
5 -154 -281
1 -325 353
8 67 70
7 -62 189
1 -323 322
1 -361 354
1 -354 338
8 77 34
3 -346 165
4 -135 193
1 -319 341
8 48 78
4 -125 201
4 -135 184
3 -366 189
3 -352 186
8 66 62
8 77 64
8 53 79
5 -150 -262
1 -311 335
4 -147 220
5 -135 -258
6 280 -289
4 -134 205
8 76 66
5 -138 -264
3 -363 158
3 -343 162
9 -232 -79
9 -207 -106
1 -342 333
9 -204 -93
9 -210 -92
6 323 -330
5 -129 -304
4 -159 199
1 -321 348
1 -360 345
3 -355 177
8 74 59
0 296 21
4 -160 154
0 311 13
9 -232 -88
1 -317 364
5 -163 -287
9 -209 -86
5 -145 -314
7 -12 175
3 -371 158
7 -39 191
2 291 211
8 46 92
2 300 184
5 -134 -298
9 -203 -99
4 -129 184
0 297 38
0 332 57
5 -104 -265
8 46 42
7 -52 154
2 286 193
8 79 74
4 -152 204
3 -350 206
6 318 -301
8 50 60
0 294 14
3 -354 202
0 317 10
0 340 56
5 -123 -263
0 323 40
6 340 -318
0 325 39
3 -350 157
2 296 190
4 -177 225
2 292 177
3 -364 197
4 -154 190
8 79 50
8 50 28
6 358 -284
5 -110 -312
1 -372 333
1 -318 311
0 285 18
2 319 172
2 301 178
2 265 176
5 -165 -233
3 -354 177
7 -8 169
1 -348 363
7 -52 167
6 325 -326
9 -213 -90
8 77 66
6 342 -316
0 259 47
0 293 16
7 -54 187
6 303 -308
9 -218 -85
8 13 73
5 -130 -266
0 305 33
4 -144 203
2 315 218
9 -235 -120
4 -147 206
3 -367 174
0 312 -12
4 -157 222
6 291 -325
4 -151 211
3 -370 163
5 -109 -285
7 -24 171
2 316 197
0 339 24
3 -376 193
8 80 60
3 -321 203
2 318 202
8 63 76
2 288 197
2 280 197
0 311 25
9 -230 -91
5 -124 -270
0 318 -6
0 305 27
5 -158 -280
6 304 -319
0 309 23
3 -346 171
6 303 -367
3 -364 148
1 -327 348
8 57 73
2 283 189
3 -351 172
1 -341 341
3 -351 174
5 -140 -265
1 -345 333
0 309 34
4 -119 218
9 -210 -80
3 -375 161
6 338 -307
0 281 8
5 -130 -247
9 -196 -108
5 -139 -291
3 -365 181
5 -123 -279
4 -123 219
2 308 254
1 -342 338
5 -174 -285
2 305 187
4 -143 212
6 288 -345
7 -45 169
7 -13 174
7 -55 189
8 36 62
5 -143 -257
8 63 60
6 322 -295
1 -374 334
7 -50 170
8 72 72
8 56 70
2 316 192
0 303 50
6 312 -291
1 -315 343
2 309 233
9 -222 -103
0 299 38
6 305 -299
8 65 32
7 -23 179
8 68 33
7 -57 157
8 75 65
5 -154 -263
4 -130 213
7 -56 158
8 54 65
8 88 61
3 -330 175
2 312 210
4 -159 197
0 312 8
7 -34 160
6 298 -326
6 340 -294
8 57 55
9 -240 -46
5 -133 -272
3 -346 198
1 -329 351
0 338 49
7 -42 140
7 -37 174
9 -205 -99
7 -43 159
8 49 89
1 -342 370
4 -154 206
8 84 65
4 -177 178
2 286 197
2 305 189
4 -160 193
0 321 27
3 -354 156
6 308 -326
0 305 45
9 -234 -93
3 -352 187
6 298 -294
3 -388 158
2 305 211
6 318 -290
8 51 80
0 310 32
7 -50 201
5 -150 -281
6 295 -311
7 -67 145
8 79 83
3 -354 147
2 284 187
8 93 61
3 -371 187
4 -145 182
8 37 39
9 -236 -95
2 282 186
4 -148 197
8 72 69
0 314 44
3 -362 203
9 -207 -59
9 -211 -89
0 316 40
9 -206 -105
2 312 174
1 -348 316
7 -22 197
8 75 61
1 -351 360
7 -40 165
9 -211 -101
2 324 188
9 -204 -91
7 -55 160
3 -365 153
3 -361 193
0 305 31
9 -197 -76
1 -347 362
9 -229 -75
6 298 -304
3 -353 184
5 -113 -273
3 -358 185
2 282 203
1 -321 311
3 -343 175
4 -133 211
5 -178 -318
5 -165 -256
1 -345 357
1 -339 326
3 -352 152
4 -125 207
3 -358 182
2 296 165
6 332 -319
2 277 220
2 301 204
6 305 -332
7 -70 163
6 308 -308
3 -361 189
1 -320 341
0 299 10
2 276 183
3 -362 190
9 -200 -90
8 68 39
8 46 75
7 -61 202
0 306 27
0 291 21
8 64 66
2 299 203
3 -337 209
0 263 18
9 -237 -92
3 -384 183
8 78 38
7 -46 181
5 -146 -289
9 -229 -99
2 289 224
2 290 189
4 -125 217
4 -158 201
0 281 54
5 -126 -286
8 65 65
0 337 22
5 -141 -292
8 91 62
7 -49 151
4 -160 185
2 263 200
2 285 193
1 -335 358
8 74 77
3 -361 157
2 305 191
1 -341 343
8 56 95
0 292 27
9 -237 -62
7 -33 172
3 -365 178
9 -205 -101
9 -196 -83
0 306 55
1 -351 345
9 -212 -98
1 -356 340
9 -195 -78
4 -151 216
1 -325 330
6 312 -320
9 -172 -99
7 -21 154
1 -365 354
5 -146 -252
5 -121 -271
6 351 -322
4 -136 185
3 -380 173
5 -132 -261
7 -64 175
5 -160 -266
1 -328 317
5 -123 -256
9 -242 -105
5 -137 -277
8 38 57
0 304 2
2 285 193
9 -184 -72
0 291 10
6 301 -343
0 290 33
2 323 181
4 -164 216
6 322 -343
3 -349 164
3 -325 161
1 -349 338
6 308 -305
3 -362 173
3 -355 156
0 317 42
4 -153 210
5 -155 -291
4 -136 205
6 333 -310
5 -132 -255
8 108 59
9 -193 -83
7 -45 149
7 -43 173
8 71 74
1 -328 332
6 342 -311
4 -160 227
8 70 66
4 -137 198
8 51 21
1 -307 353
7 -50 173
2 286 184
5 -122 -239
2 295 191
2 304 186
2 291 172
3 -357 200
1 -355 332
6 317 -321
3 -350 193
5 -142 -253
2 290 179
8 81 32
9 -224 -90
9 -203 -77
0 311 52
0 313 48
5 -154 -285
5 -158 -254
9 -183 -78
2 278 196
6 319 -284
0 307 43
8 52 42
5 -115 -284
3 -374 181
3 -352 183
4 -156 179
7 -50 180
8 87 44
0 293 50
9 -220 -83
3 -339 181
4 -136 189
2 265 213
0 304 24
2 310 179
8 96 60
0 298 -4
2 287 223
0 318 52
8 73 68
2 306 182
2 288 221
2 298 208
1 -337 368
4 -144 180
9 -184 -81
5 -137 -266
6 292 -343
8 80 65
9 -205 -99
3 -377 171
2 279 238
3 -323 190
5 -133 -287
9 -194 -53
1 -319 320
7 -73 157
3 -375 183
2 323 201
2 281 206
5 -160 -265
8 84 39
7 -43 206
6 305 -310
6 306 -302
8 82 35
1 -328 348
8 51 75
1 -335 341
9 -191 -66
9 -233 -73
9 -202 -89
5 -136 -260
6 337 -347
9 -190 -85
0 311 10
7 -48 187
3 -361 189
4 -152 203
3 -372 192
6 310 -317
0 321 -9
4 -141 221
8 38 52
6 308 -307
1 -364 357
4 -156 182
7 -49 177
9 -220 -88
2 314 218
9 -215 -96
3 -388 192
8 69 62
2 299 194
9 -223 -95
3 -346 173
6 323 -291
1 -306 363
7 -46 158
2 287 198
9 -210 -98
4 -153 201
6 321 -339
0 308 24
2 285 200
1 -340 344
5 -153 -287
3 -364 184
1 -304 355
8 55 43
1 -362 310
3 -347 163
7 -65 177
7 -34 171
4 -163 219
3 -338 190
9 -220 -47
2 267 216
3 -367 186
0 311 18
2 291 203
4 -141 198
9 -236 -113
0 305 50
2 292 208
6 314 -312
7 -33 155
4 -151 224
7 -55 182
9 -212 -108
2 294 230
7 -77 159
7 -52 157
8 81 47
9 -230 -99
1 -321 311
5 -124 -245
6 314 -329
4 -133 192
1 -305 311
3 -367 167
0 280 51
8 54 49
9 -219 -92
6 337 -319
2 296 280
3 -355 154
3 -366 153
7 -23 196
3 -340 190
9 -176 -84
4 -112 207
2 303 194
4 -139 206
9 -211 -65
7 -38 188
3 -336 138
9 -230 -113
8 71 66
0 329 43
4 -150 171
1 -346 347
0 277 27
3 -350 191
4 -139 216
0 324 11
7 -4 175
6 289 -311
0 311 6
6 309 -314
8 50 56
6 298 -316
3 -366 139
8 65 78
2 318 212
6 308 -312
2 314 212
5 -125 -269
0 296 22
6 282 -319
8 88 37
6 278 -307
4 -125 179
0 328 32
9 -199 -106
8 85 50
9 -219 -86
2 286 193
1 -325 330
5 -124 -274
5 -126 -275
7 -41 182
9 -209 -91
1 -324 332
2 298 162
7 -43 161
8 50 76
0 296 31
6 294 -334
3 -331 178
2 321 189
8 93 74
2 269 191
0 296 54
5 -145 -299
4 -118 199
0 301 4
2 329 209
8 81 92
7 -14 169
6 317 -311
3 -393 170
4 -144 201
7 -21 159
4 -119 201
2 292 204
5 -127 -270
1 -354 301
6 335 -325
2 281 202
9 -225 -80
8 76 31
1 -349 355
5 -172 -269
1 -341 362
8 79 80
1 -308 307
4 -132 207
2 286 206
8 84 15
0 278 13
5 -153 -271
4 -175 218
2 310 207
7 -47 139
8 64 36
0 307 33
4 -151 172
3 -366 210
6 308 -323
1 -351 355
2 304 194
2 310 221
6 318 -327
8 29 45
8 41 61
6 291 -315
4 -181 196
8 53 58
4 -120 188
3 -363 167
2 302 208
8 88 74
0 280 23
8 55 37
4 -157 230
3 -371 166
5 -132 -283
4 -180 219
2 296 161
7 -51 170
3 -340 172
1 -315 309
9 -199 -81
5 -125 -234
6 337 -317
1 -323 350
3 -386 179
8 58 65
7 -41 159
2 298 165
2 304 212
1 -342 353
1 -310 336
5 -148 -267
5 -133 -275
1 -374 333
7 -54 157
5 -146 -289
2 293 228
7 -55 172
3 -351 172
1 -321 332
6 316 -308
7 -40 169
3 -336 178
3 -365 167
8 37 43
6 332 -305
6 310 -344
8 88 49
8 76 47
6 329 -306
9 -222 -71
2 311 201
5 -128 -292
9 -241 -84
9 -184 -47
2 301 216
8 79 61
0 279 11
4 -137 210
9 -195 -80
1 -345 334
6 322 -280
2 329 208
0 314 5
6 310 -327
7 -24 163
5 -143 -282
1 -321 337
0 311 33
4 -136 212
0 300 29
2 308 188
1 -309 350
2 295 194
6 284 -306
1 -336 363
1 -370 348
6 322 -311
6 322 -323
3 -326 139
6 305 -278
4 -176 227
5 -132 -274
7 -35 149
9 -219 -106
3 -351 161
2 287 187
3 -343 159
8 68 51
8 92 66
4 -140 171
0 292 40
6 324 -350
9 -211 -62
6 314 -299
4 -139 201
3 -391 185
9 -219 -88
8 68 33
5 -177 -270
6 301 -308
0 296 40
3 -353 187
9 -197 -110
3 -375 166
6 306 -330
3 -334 181
8 85 77
9 -224 -90
1 -333 336
0 287 -27
9 -215 -76
6 306 -329
1 -348 335
5 -130 -251
9 -241 -92
0 317 17
7 -46 175
8 89 76
9 -218 -104
5 -128 -284
9 -245 -97
5 -165 -264
2 282 192
3 -380 160
9 -229 -95
0 312 19
8 57 9
8 94 86
1 -345 337
2 280 212
1 -329 329
8 75 51
7 -26 181
1 -335 344
6 316 -319
6 301 -312
4 -119 224
2 296 208
0 320 27
9 -224 -65
2 295 226
5 -153 -296
8 47 61
1 -369 332
8 85 49
4 -157 205
9 -205 -96
8 71 62
3 -365 183
6 323 -316
6 312 -299
2 263 194
3 -373 175
3 -382 207
7 -65 166
2 272 189
4 -165 203
3 -364 187
5 -126 -254
8 76 82
3 -346 158
7 -25 202
0 312 34
0 319 28
6 291 -285
5 -136 -280
4 -119 232
1 -329 333
8 61 56
7 -59 161
0 302 17
2 279 146
4 -139 208
8 72 45
4 -126 186
7 -14 154
2 289 181
9 -252 -107
9 -203 -100
7 -26 150
5 -158 -295
1 -349 312
5 -105 -254
3 -363 183
3 -389 191
6 318 -299
9 -200 -80
0 321 50
1 -344 323
9 -241 -75
9 -233 -123
0 327 26
0 296 52
8 64 82
9 -216 -82
9 -246 -101
3 -351 179
2 279 200
6 314 -275
4 -127 212
9 -213 -78
9 -200 -93
4 -154 216
7 -20 198
5 -127 -252
0 352 0
7 -11 174
4 -141 210
1 -327 333
5 -164 -260
9 -212 -88
0 301 44
1 -327 321
0 330 21
9 -214 -97
2 299 219
6 306 -321
0 294 71
7 -23 169
5 -102 -303
3 -360 145
3 -342 184
8 94 36
7 -30 149
8 41 35
7 -27 193
3 -335 178
1 -351 360
0 302 33
9 -234 -84
3 -352 162
3 -371 165
4 -168 210
6 353 -336
9 -217 -112
3 -335 181
7 -60 149
1 -353 357
3 -341 161
0 299 25
4 -148 214
7 -32 188
0 313 55
0 291 25
4 -141 208
5 -123 -274
0 312 40
7 -44 195
8 58 60
8 69 64
8 73 67
9 -173 -113
5 -139 -262
0 323 70
4 -134 197
8 51 57
1 -337 324
9 -227 -75
7 11 194
0 307 21
2 296 191
4 -140 221
3 -350 176
7 -16 189
7 -56 125
2 271 219
7 -37 151
9 -228 -116
7 10 170
3 -384 192
9 -206 -66
5 -188 -282
9 -237 -94
8 76 61
1 -319 347
8 91 73
7 -23 172
7 -62 162
3 -366 167
8 77 44
0 315 20
2 285 197
2 285 207
1 -328 351
4 -128 241
8 77 46
9 -216 -100
9 -212 -104
2 303 213
9 -235 -51
7 -21 164
0 342 8
0 304 31
9 -256 -101
9 -225 -66
1 -291 342
7 -49 182
8 49 56
0 267 16
2 293 201
1 -330 368
1 -359 317
0 317 6
7 -21 148
6 326 -328
4 -184 199
6 315 -312
1 -331 295
3 -354 168
3 -368 11
2 291 235
1 -382 324
6 301 -344
5 -153 -282
2 299 208
0 321 16
0 318 36
4 -119 171
8 98 29
6 306 -337
6 327 -307
2 300 195
2 299 203
0 320 40
9 -190 -78
4 -151 199
1 -333 328
0 319 47
4 -120 196
0 325 20
2 305 220
5 -133 -268
6 275 -322
6 309 -332
4 -158 204
4 -125 218
5 -144 -294
9 -248 -101
4 -161 191
2 297 216
1 -293 318
7 -42 179
5 -132 -266
5 -134 -264
0 330 9
6 296 -325
6 304 -334
4 -150 201
6 301 -307
3 -362 153
3 -366 170
5 -127 -274
6 288 -328
6 318 -317
1 -317 354
4 -171 193
6 332 -315
5 -141 -227
3 -351 171
3 -350 182
4 -146 207
3 -359 175
5 -93 -298
1 -331 342
1 -334 347
1 -317 353
6 335 -325
1 -355 344
7 -58 123
4 -171 198
6 307 -331
9 -211 -81
6 293 -340
2 293 213
9 -178 -63
6 302 -312
0 279 31
9 -219 -102
2 306 203
5 -149 -271
5 -141 -277
4 -114 217
4 -155 224
2 283 188
9 -221 -78
7 -21 168
4 -144 241
4 -133 208
0 284 17
3 -371 165
5 -144 -274
0 293 19
1 -331 345
3 -358 203
2 274 223
3 -353 169
9 -207 -76
9 -240 -87
2 270 196
3 -338 178
3 -381 194
0 313 30
0 312 17
2 309 205
2 295 189
8 81 85
4 -130 206
5 -147 -233
2 290 220
0 309 54
8 61 39
8 79 82
9 -174 -76
7 -11 182
2 288 209
0 322 32
9 -200 -68
4 -148 228
5 -154 -285
7 -4 174
2 273 181
2 288 192
8 70 68
8 73 67
2 303 189
5 -140 -254
7 -37 192
8 68 68
5 -105 -285
9 -201 -99
4 -134 190
3 -368 158
2 323 215
2 306 188
6 310 -309
4 -114 219
0 306 42
4 -170 168
7 -54 168
0 304 13
1 -346 329
2 308 199
5 -150 -281
7 -35 173
9 -225 -85
6 304 -293
4 -140 208
5 -160 -280
8 73 51
1 -310 332
3 -349 171
2 315 178
8 75 45
9 -235 -91
9 -215 -94
5 -136 -275
1 -359 334
5 -105 -288
8 71 31
3 -357 196
9 -230 -72
1 -341 351
8 61 80
3 -331 167
8 76 43
1 -348 333
0 323 7
6 296 -302
2 282 209
6 284 -341
7 -45 177
9 -224 -81
7 -55 175
3 -342 181
1 -337 318
7 -33 168
8 80 56
5 -170 -258
6 284 -316
6 287 -311
4 -149 191
4 -145 204
5 -115 -282
8 72 38
3 -343 196
9 -252 -88
6 320 -315
9 -221 -85
7 -16 170
1 -383 326
6 283 -311
6 319 -297
2 308 171
3 -379 173
0 312 41
7 -13 150
6 338 -305
0 318 7
5 -133 -271
7 -49 159
6 305 -293
5 -164 -252
1 -346 368
4 -151 200
7 -64 173
1 -332 339
2 285 234
7 -24 162
9 -208 -85
9 -204 -50
3 -355 194
9 -232 -95
2 254 196
9 -206 -58
8 68 29
0 326 27
6 333 -306
4 -114 192
2 334 180
9 -226 -102
2 295 243
2 273 183
9 -206 -101
0 333 31
7 -32 177
9 -205 -96
8 53 71
2 275 177
2 310 166
6 306 -320
4 -134 183
8 85 82
0 304 64
4 -165 212
5 -148 -267
3 -391 178
1 -296 361
6 307 -310
6 310 -317
1 -330 323
2 297 204
3 -384 182
5 -150 -282
1 -333 355
4 -150 202
0 298 17
5 -103 -269
7 -24 159
8 79 66
9 -220 -77
0 297 9
0 287 23
9 -210 -97
3 -374 190
1 -342 334
8 108 53
3 -383 164
0 303 47
2 294 192
4 -96 206
0 310 52
5 -164 -279
2 311 216
1 -324 326
2 286 229
3 -361 177
3 -381 164
8 60 60
6 311 -312
0 323 36
5 -141 -264
1 -347 320
4 -131 194
7 -17 183
3 -360 168
9 -238 -97
6 311 -291
7 1 120
4 -146 211
3 -360 167
8 51 65
5 -138 -271
7 -33 177
7 15 181
7 -42 153
2 303 205
7 -15 187
5 -156 -254
8 72 57
9 -208 -83
5 -113 -272
6 316 -289
3 -357 168
2 287 193
7 -40 168
8 68 58
6 276 -331
5 -120 -287
6 312 -334
8 61 53
6 301 -329
8 61 70
4 -150 198
4 -122 195
1 -337 327
2 280 212
3 -359 182
5 -145 -274
3 -347 186
4 -169 192
5 -112 -257
8 55 16
7 -16 178
3 -370 199
5 -134 327
5 -151 -275
6 330 -307
5 -143 -288
0 337 40
2 287 208
9 -208 -110
2 302 233
6 305 -314
4 -143 211
2 281 199
3 -373 188
7 -35 163
7 -44 154
6 325 -322
0 315 38
3 -361 186
4 -132 226
2 301 194
8 63 40
8 62 81
9 -221 -108
3 -364 175
5 -152 -284
1 -329 344
1 -350 357
9 -232 -68
3 -351 151
9 -225 -78
7 -27 176
9 -228 -70
2 311 193
8 75 36
0 318 1
5 -113 -285
0 299 31
1 -337 308
4 -139 215
2 296 188
2 310 190
3 -366 172
1 -353 349
8 54 25
4 -133 181
2 278 203
5 -172 -280
3 -332 164
6 328 -337
2 300 196
9 -213 -81
9 -207 -115
6 344 -317
7 -19 151
3 -373 162
4 -118 213
4 -161 186
3 -335 207
7 -55 158
7 -16 175
6 317 -293
2 295 224
4 -142 210
5 -118 -308
3 -367 196
8 78 77
8 90 67
9 -216 -55
9 -225 -58
2 285 181
3 -324 156
2 290 175
1 -337 347
9 -228 -71
2 307 197
9 -230 -104
2 290 203
5 -137 -269
4 -142 207
0 296 14
5 -169 -276
5 -106 -235
8 94 60
6 336 -301
3 -340 173
4 -121 209
2 266 170
3 -370 139
7 -74 184
3 -351 169
2 341 159
0 317 60
3 -385 173
5 -143 -285
3 -366 154
8 79 31
3 -385 177
9 -300 -86
9 -223 -106
2 287 182
2 320 202
6 291 -300
5 -108 -295
3 -359 168
8 48 35
3 -368 190
9 -266 -95
9 -235 -80
3 -367 201
8 64 63
5 -141 -296
5 -164 -282
1 -351 308
5 -129 -275
0 320 57
6 324 -303
5 -136 -290
1 -350 366
2 305 211
4 -155 184
4 -148 189
8 61 51
2 297 212
2 296 223
7 -20 174
8 83 63
8 42 39
6 288 -328
3 -377 151
7 -27 173
8 71 38
5 -166 -300
7 -30 210
0 291 41
9 -197 -84
0 323 30
4 -149 229
1 -327 331
2 271 205
5 -129 -282
1 -340 354
3 -366 153
0 321 19
0 324 -3
7 -41 150
3 -328 168
1 -311 344
0 322 47
6 283 -347
9 -214 -102
1 -343 346
9 -215 -97
3 -346 173
5 -140 -293
7 -16 149
0 296 31
7 -40 215
7 -49 186
5 -170 -297
9 -244 -66
5 -134 -247
0 307 24
5 -142 -280
7 -30 182
4 -141 224
1 -342 323
2 282 196
0 286 19
6 331 -338
3 -386 162
3 -399 203
5 -172 -263
6 316 -299
3 -345 168
3 -371 181
6 321 -312
3 -355 163
2 300 204
4 -157 207
6 325 -301
7 -44 175
6 328 -312
3 -354 170
9 -237 -87
5 -129 -279
6 290 -298
5 -136 -243
6 310 -306
4 -145 229
9 -213 -107
0 289 47
7 -39 153
5 -120 -284
3 -343 205
0 272 17
6 280 -289
6 301 -295
1 -349 339
7 -22 147
8 59 57
1 -332 349
1 -315 330
0 314 19
7 -36 168
8 54 73
3 -348 182
0 313 31
8 78 47
2 273 210
1 -367 357
3 -340 140
5 -124 -265
6 324 -302
0 288 15
8 42 29
9 -233 -63
7 -5 165
4 -165 169
9 -236 -68
1 -325 348
2 288 217
9 -218 -86
3 -334 185
7 -9 152
5 -129 -291
5 -131 -252
6 302 -330
3 -353 195
9 -206 -70
2 284 226
9 -207 -75
6 297 -341
2 294 217
6 317 -339
6 322 -298
0 302 0
7 -56 174
7 -18 190
8 83 56
8 81 48
3 -348 172
0 318 26
1 -315 330
9 -215 -95
1 -351 311
0 288 73
0 310 -6
4 -140 204
1 -297 337
6 328 -311
2 309 187
0 293 29
8 56 79
3 -355 181
9 -213 -93
0 313 28
1 -325 342
6 284 -349
8 64 44
1 -350 354
1 -337 316
5 -106 -258
8 77 68
8 31 60
5 -150 -248
5 -123 -279
5 -139 -265
1 -308 318
8 89 52
2 263 188
7 -38 126
4 -141 172
7 -80 161
0 339 29
0 299 36
2 295 216
7 -62 181
2 317 197
0 278 5
4 -118 233
7 -30 165
8 67 58
3 -341 201
9 -230 -100
8 69 42
1 -347 318
2 288 208
9 -214 -73
6 319 -286
8 92 59
8 88 65
9 -212 -78
0 314 33
6 325 -295
5 -107 -305
6 304 -318
6 326 -315
8 79 70
0 298 38
0 333 53
7 -38 176
6 246 -316
1 -309 344
7 -49 187
7 -32 163
2 263 201
3 -379 203
6 298 -299
9 -192 -117
0 296 23
7 -11 176
9 -201 -112
1 -329 343
5 -127 -280
1 -319 319
8 59 23
2 312 197
2 297 228
1 -331 339
7 -46 172
9 -190 -94
0 306 16
0 303 36
9 -207 -90
1 -334 341
9 -247 -110
9 -234 -105
2 316 204
3 -397 174
5 -102 -286
6 317 -327
3 -346 170
2 299 202
6 294 -298
6 283 -328
2 311 180
5 -125 -243
3 -359 169
4 -142 222
4 -137 195
2 299 189
0 305 35
5 -128 -270
5 -120 -292
5 -80 -301
8 62 27
7 -22 168
9 -223 -84
8 100 40
0 311 15
3 -350 183
4 -144 198
5 -130 -280
1 -339 317
0 308 63
7 -16 167
1 -329 331
6 325 -313
5 -167 -277
5 -122 -269
5 -144 -283
2 267 192
5 -127 -291
4 -119 224
5 -127 -267
6 334 -317
5 -144 -276
9 -228 -51
6 302 -330
8 98 47
2 288 211
9 -198 -73
0 308 2
0 284 49
4 -172 219
2 328 189
0 309 30
9 -207 -89
0 282 49
5 -148 -273
3 -379 179
3 -356 180
6 299 -307
1 -333 361
1 -326 335
5 -133 -261
4 -133 222
5 -122 -269
8 77 60
7 -18 181
4 -161 212
6 287 -316
1 -336 322
4 -104 224
4 -131 188
7 -31 189
2 283 188
2 341 202
3 -369 185
0 297 38
1 -297 348
8 56 98
5 -128 -261
4 -123 253
4 -151 204
8 49 59
1 -334 337
9 -203 -58
7 -43 145
2 327 215
7 -46 150
0 279 38
1 -355 341
7 -30 161
9 -222 -70
1 -340 351
5 -135 -249
6 309 -325
9 -232 -79
4 -138 194
6 325 -342
6 280 -287
0 283 36
5 -140 -307
6 315 -311
4 -112 214
0 329 44
7 -33 193
2 291 207
5 -133 -258
2 309 194
8 98 73
8 388 67
8 88 47
4 -146 189
0 292 47
6 300 -335
6 319 -332
8 70 63
9 -204 -102
8 89 62
7 -13 165
6 330 -340
4 -144 187
6 323 -319
6 319 -287
6 334 -324
1 -368 320
4 -149 213
2 291 215
3 -365 191
9 -226 -68
5 -124 -277
6 309 -317
9 -193 -81
3 -303 200
8 77 66
7 -61 168
0 325 39
4 -162 218
1 -335 367
1 -331 327
1 -310 356
9 -207 -58
4 -166 185
6 306 -321
1 -331 324
1 -321 370
1 -302 316
9 -229 -111
2 324 232
2 287 192
0 322 24
5 -109 -255
4 -129 208
7 -52 173
0 306 51
3 -352 185
8 85 61
9 -190 -82
1 -341 338
2 297 230
4 -139 209
7 -60 203
7 -24 159
4 -132 185
2 333 177
3 -356 155
9 -251 -90
9 -185 -91
4 -149 194
1 -330 362
3 -381 185
0 322 -10
3 -323 136
7 -31 194
5 -159 -288
5 -161 -273
2 302 214
2 309 191
9 -218 -369
4 -143 219
6 315 -338
2 285 206
4 -166 208
2 303 204
9 -236 -95
6 327 -334
6 299 -330
4 -175 218
3 -372 180
7 -33 160
2 256 178
1 -295 351
7 -37 149
6 317 -299
3 -361 166
7 -20 164
1 -325 334
8 74 24
7 -22 176
4 -155 198
8 49 56
9 -192 -61
2 292 202
3 -370 176
8 43 58
4 -130 187
4 -123 184
8 62 76
5 -150 -292
5 -145 -281
9 -208 -78
5 -127 -292
4 -140 209
1 -340 313
8 73 55
4 -146 180
4 -150 212
3 -319 183
6 343 -308
4 -142 209
5 -164 -274
8 79 79
5 -150 -246
5 -131 -299
3 -339 154
1 -313 350
9 -222 -68
5 -172 -293
5 -111 -284
9 -212 -100
5 -126 -269
4 -154 188
4 -147 175
5 -129 -268
4 -133 161
5 -129 -237
6 317 -317
4 -161 203
8 64 78
3 -373 202
1 -325 327
7 -46 160
8 39 47
0 307 31
9 -189 -87
9 -190 -98
7 -48 193
8 57 56
3 -358 172
7 -42 186
9 -201 -76
0 313 22
0 280 32
3 -362 176
5 -140 -240
1 -322 346
9 -254 -92
5 -179 -268
1 -380 352
1 -340 321
0 285 70
8 80 34
2 301 210
3 -368 167
0 304 37
9 -225 -84
2 262 200
0 314 46
0 338 32
2 306 221
5 -118 -274
5 -149 -295
6 307 -312
7 -31 189
9 -206 -93
1 -325 338
1 -360 348
9 -215 -74
9 -214 -105
2 309 223
1 -350 350
2 291 210
5 -152 -245
6 323 -318
7 -48 199
9 -182 -119
0 313 31
1 -345 315
1 -322 315
2 314 217
9 -232 -92
1 -345 337
9 -211 -75
5 -168 -274
8 74 75
3 -338 177
9 -214 -94
9 -228 -87
8 90 63
4 -138 207
9 -238 -80
9 -205 -110
3 -364 175
5 -132 -297
8 57 77
1 -295 339
3 -355 182
7 -46 160
7 -54 169
2 299 163
8 80 32
9 -213 -93
5 -175 -258
7 -47 173
6 322 -320
2 288 207
1 -318 368
9 -214 -82
0 296 31
7 -52 183
8 91 66
2 266 197
1 -347 354
7 -46 181
6 317 -295
2 294 226
8 90 44
2 309 221
0 276 45
2 302 178
3 -371 176
1 -350 313
4 -142 211
6 291 -342
5 -150 -285
8 28 64
4 -113 210
9 -189 -76
1 -316 355
0 293 31
6 310 -317
2 282 203
2 305 197
5 -137 -248
9 -194 -56
9 -230 -79
5 -141 -256
0 289 33
3 -355 204
5 -142 -289
4 -149 185
8 23 57
3 -346 162
7 -57 160
2 308 204
1 -362 375
1 -342 329
6 322 -325
6 326 -321
4 -149 222
6 301 -320
1 -332 332
1 -342 325
0 320 17
5 -120 -253
7 -3 148
5 -124 -280
9 -219 -112
5 -133 -245
1 -361 372
7 -29 181
7 -26 178
9 -224 -113
4 -127 201
7 -20 170
2 280 191
2 326 209
8 54 86
1 -299 333
7 -39 182
4 -165 232
0 281 38
1 -376 326
1 -335 357
8 70 83
5 -126 -240
3 -365 208
1 -338 337
0 303 24
9 -207 -80
1 -329 357
8 49 75
2 282 199
4 -152 154
9 -243 -61
8 62 46
4 -169 195
0 293 2
3 -364 171
2 338 197
6 322 -294
3 -384 162
7 -13 160
8 73 59
5 -114 -282
4 -139 192
0 285 50
8 71 34
6 327 -314
6 335 -288
7 -36 170
1 -328 332
6 301 -304
0 288 36
6 314 -312
1 -328 322
1 -366 319
5 -116 -279
3 -384 184
9 -224 -62
1 -336 330
8 64 50
7 -55 176
7 -51 183
0 318 37
8 68 100
0 320 52
1 -317 359
4 -146 193
4 -106 206
3 -353 157
5 -154 -292
1 -297 328
4 -153 212
4 -186 202
3 -351 162
1 -366 332
6 302 -313
6 300 -324
1 -310 352
1 -321 316
2 319 195
6 310 -332
2 296 182
4 -125 209
7 -26 162
0 285 13
6 302 -324
3 -340 163
4 -159 238
5 -118 -259
9 -240 -61
5 -146 -257
3 -388 180
7 -38 181
7 -42 187
5 -138 -286
3 -338 199
3 -363 180
1 -353 359
1 -354 328
2 303 205
5 -146 -274
0 294 32
1 -371 341
3 -372 176
7 -48 165
8 69 55
4 -156 208
5 -140 -272
9 -200 -52
7 -14 197
0 305 34
6 309 -289
8 75 79
1 -377 341
3 -370 166
9 -245 -78
5 -152 -311
6 330 -326
9 -227 -115
0 321 37
9 -195 -63
3 -350 163
8 51 76
4 -133 231
8 109 81
5 -145 -276
0 292 6
6 313 -351
8 59 59
9 -204 -86
7 -15 206
9 -177 -79
6 342 -313
3 -327 195
4 -142 193
5 -151 -274
2 302 217
9 -240 -92
8 81 50
9 -216 -104
7 -55 182
3 -363 158
8 69 27
3 -338 163
8 58 68
7 -21 177
1 -363 332
6 331 -288
3 -342 164
1 -345 326
9 -231 -59
3 -379 147
0 304 26
7 -55 167
9 -220 -111
2 297 194
9 -180 -89
4 -165 229
6 313 -306
5 -139 -280
4 -174 218
1 -349 327
8 68 72
8 63 60
1 -327 321
1 -349 297
6 328 -297
8 48 28
6 304 -324
0 356 10
3 -319 157
9 -203 -61
2 272 160
9 -232 -76
8 69 48
0 282 37
6 358 -298
9 -205 -72
9 -222 -94
4 -156 178
8 72 65
3 -382 163
3 -380 162
8 53 59
4 -107 223
7 -60 202
9 -229 -83
3 -371 174
6 321 -319
8 72 22
4 -138 187
5 -145 -288
9 -210 -75
9 -244 -102
3 -369 166
8 58 62
5 -123 -280
1 -329 350
8 68 27
8 46 49
1 -300 335
4 -132 194
7 -40 164
8 57 70
4 -135 184
9 -228 -88
3 -335 155
7 -18 167
9 -215 -70
5 -169 -263
3 -381 189
0 324 6
1 -346 324
9 -226 -49
8 94 75
6 325 -308
4 -153 216
1 -327 339
0 313 11
9 -227 -100
6 321 -312
0 316 33
5 -108 -279
2 293 188
2 286 162
4 -155 181
2 311 177
7 -35 173
0 269 15
7 -41 176
3 -371 149
7 -49 184
4 -149 183
3 -368 173
8 63 90
9 -234 -71
5 -138 -269
0 315 29
5 -134 -304
1 -357 334
1 -359 344
8 81 71
4 -127 190
3 -341 178
6 310 -327
8 50 59
3 -364 156
7 -63 177
1 -331 331
7 -52 171
5 -141 -247
9 -205 -99
3 -356 165
4 -158 201
6 296 -277
1 -337 359
1 -335 343
1 -330 346
8 94 55
7 -37 170
4 -132 184
8 50 62
6 293 -318
9 -212 -72
1 -319 323
5 -129 -251
1 -326 370
2 281 191
3 -351 181
6 296 -317
1 -361 309
7 -63 189
9 -220 -79
2 317 201
7 -38 187
4 -132 216
4 -126 214
6 317 -278
1 -372 332
4 -141 217
0 301 13
3 -363 162
1 -331 343
6 308 -309
9 -220 -60
5 -151 -250
4 -166 236
1 -324 340
1 -311 347
5 -134 -270
2 280 189
1 -366 346
0 294 45
1 -309 332
0 300 20
9 -193 -99
2 297 193
8 68 85
4 -131 199
9 -208 -92
4 -161 202
6 302 -352
0 299 48
9 -229 -110
8 69 47
8 72 41
1 -349 359
7 -33 209
1 -333 319
4 -160 233
8 44 70
0 300 26
1 -318 349
3 -362 153
1 -349 309
5 -147 -272
1 -352 332
4 -111 213
4 -133 195
2 301 203
2 295 201
6 319 -304
7 -46 172
4 -140 223
3 -397 165
1 -321 311
9 -223 -114
6 325 -322
0 274 4
9 -184 -81
8 70 77
5 -150 -288
3 -316 180
5 -142 -227
8 83 17
1 -361 327
5 -138 -276
9 -254 -83
9 -215 -75
7 -58 174
0 319 51
1 -337 351
1 -342 332
3 -349 147
2 287 202
0 317 30
3 -357 188
1 -342 325
5 -163 -240
9 -249 -71
2 296 197
5 -146 -297
7 -60 190
9 -189 -115
1 -327 333
9 -225 -74
8 52 32
4 -128 195
1 -344 362
1 -335 352
9 -216 -83
6 320 -297
9 -221 -102
1 -349 377
3 -372 184
8 72 65
3 -360 172
2 303 195
9 -213 -57
2 280 185
2 305 218
7 -23 165
8 43 62
1 -359 336
5 -132 -285
6 278 -306
7 -46 166
9 -238 -82
8 44 34
6 280 -285
0 261 56
9 -228 -75
7 -61 140
2 278 187
5 -160 -253
1 -327 329
5 -172 -273
4 -125 198
2 301 196
5 -134 -272
2 302 186
5 -131 -266
2 310 155
6 327 -306
6 288 -342
2 321 230
3 -340 163
7 -40 167
5 -121 -265
9 -200 -94
5 -125 -285
2 278 180
8 77 87
4 -149 202
2 296 183
0 311 46
0 276 38
6 335 -327
1 -327 345
3 -358 197
7 -54 175
5 -138 -267
4 -172 206
5 -152 -261
6 348 -280
9 -196 -102
8 90 63
2 272 162
0 299 14
5 -144 -286
3 -356 214
0 321 62
7 -39 184
8 64 29
6 290 -321
6 315 -332
6 314 -320
3 -347 162
8 49 66
8 -95 57
1 -356 342
5 -145 -238
0 311 21
6 315 -301
2 273 215
9 -213 -116
7 -3 165
3 -372 180
0 308 14
3 -346 158
9 -215 -73
6 320 -303
9 -211 -90
2 305 198
2 276 171
3 -382 189
1 -326 336
5 -137 -270
7 -64 185
9 -230 -106
1 -345 335
0 285 -6
9 -217 -58
4 -157 193
8 61 37
7 -33 178
8 75 50
8 80 61
4 -106 220
5 -135 -280
6 322 -304
4 -168 227
4 -152 211
5 -147 -302
6 336 -348
1 -320 316
3 -356 156
1 -289 342
8 89 59
9 -228 -75
3 -367 178
1 -339 339
4 -133 186
9 -216 -102
6 318 -331
2 282 212
6 330 -325
6 312 -319
2 300 188
2 291 182
4 -153 183
8 49 62
5 -157 -278
6 291 -314
0 321 43
9 -222 -89
1 -341 360
1 -333 338
7 -55 186
0 303 34
5 -163 -298
3 -360 166
9 -239 -77
6 309 -310
1 -322 379
8 38 29
7 -38 151
8 51 70
4 -137 195
2 298 187
5 -155 -257
9 -231 -91
0 311 15
7 -38 133
5 -157 -272
3 -358 170
7 -35 161
3 -355 211
3 -372 158
9 -229 -75
9 -203 -85
8 72 42
4 -151 182
3 -378 176
1 -365 308
0 291 20
2 294 171
5 -116 -246
5 -155 -288
0 318 38
7 -44 156
9 -245 -100
8 63 49
9 -193 -103
1 -344 346
8 71 39
6 301 -333
4 -151 193
5 -114 -295
6 352 -325
1 -307 359
2 290 218
9 -242 -94
8 43 32
0 311 37
8 90 65
2 288 193
1 -350 336
1 -343 327
9 -238 -37
2 290 200
7 -43 196
7 -31 154
8 69 52
0 261 34
2 311 193
8 79 79
0 300 38
6 312 -317
8 70 65
9 -204 -74
3 -378 156
3 -324 145
6 334 -315
9 -190 -82
9 -188 -106
0 315 7
0 256 15
5 -154 -269
6 324 -299
6 311 -329
6 343 -324
6 291 -327
2 299 223
2 322 189
4 -157 183
5 -133 -282
0 308 35
1 -345 323
8 62 67
7 -29 157
9 -207 -92
5 -158 -248
9 -220 -55
8 69 87
9 -252 -102
8 62 73
5 -153 -263
3 -377 166
3 -338 147
4 -174 219
4 -149 187
8 65 56
5 -137 -253
4 -165 222
9 -196 -92
7 -42 165
0 303 21
8 90 75
8 98 55
5 -159 -269
7 -47 169
6 296 -296
4 -169 220
9 -232 -100
7 -25 186
2 271 212
5 -145 -257
9 -235 -74
0 283 11
1 -350 358
1 -326 340
2 316 209
8 78 69
1 -352 334
5 -137 -288
3 -365 166
1 -318 339
1 -348 362
0 286 13
2 286 198
7 -21 176
3 -361 174
7 -40 172
0 312 28
2 295 192
7 -52 195
8 63 66
0 324 40
3 -375 193
4 -165 195
3 -347 190
4 -128 230
1 -347 351
3 -365 193
5 -131 -257
1 -325 349
0 300 26
0 290 29
8 66 42
2 286 225
1 -355 370
0 291 42
0 297 43
3 -334 173
2 294 199
6 344 -316
7 -28 174
5 -130 -284
7 -35 159
2 288 197
3 -336 183
7 -38 168
9 -205 -94
2 306 209
6 310 -332
7 -59 166
1 -325 374
8 62 66
0 307 14
8 74 67
8 65 100
6 320 -300
5 -113 -292
3 -366 192
4 -115 201
3 -343 138
8 98 53
6 315 -323
4 -148 202
3 -386 159
2 290 210
8 57 93
2 286 217
3 -395 214
4 -136 171
0 307 26
0 309 6
4 -146 215
1 -331 336
1 -354 341
9 -215 -79
2 299 190
2 297 190
1 -318 354
2 269 171
4 -164 204
5 -139 -303
6 312 -304
2 285 181
9 -234 -101
4 -136 234
6 306 -316
2 280 232
4 -149 224
8 64 75
4 -151 220
3 -342 163
3 -381 161
9 -210 -95
6 343 -320
4 -144 221
7 -56 164
0 283 11
9 -229 -93
3 -349 187
8 56 45
4 -104 188
1 -356 339
9 -229 -114
0 280 41
6 321 -291
1 -304 319
8 67 51
6 323 -335
5 -147 -256
2 304 181
2 302 208
4 -148 205
2 288 178
3 -381 203
8 42 41
1 -321 324
6 295 -302
1 -328 321
9 -205 -97
9 -244 -93
6 296 -303
2 292 169
1 -349 343
7 -28 147
7 -43 176
0 300 29
2 304 164
6 289 -318
7 -41 147
6 314 -286
7 -39 160
2 298 199
4 -143 193
4 -143 218
1 -342 339
7 -36 197
4 -179 189
7 -21 181
6 272 -313
3 -392 159
0 281 34
5 -145 -268
4 -144 216
9 -200 -80
5 -127 -238
1 -327 351
6 289 -317
0 305 58
8 105 72
3 -323 152
5 -116 -266
4 -111 187
9 -209 -117
8 43 45
0 310 30
0 272 17
0 320 23
3 -361 195
7 -56 201
2 300 238
7 -31 188
5 -128 -279
4 -122 203
9 -226 -98
9 -200 -98
7 -52 166
8 88 83
9 -200 -77
2 305 203
7 -29 188
3 -383 189
9 -203 -55
2 312 177
0 313 37
0 311 28
8 70 79
4 -163 -44
1 -364 365
4 -157 218
6 310 -303
0 303 26
8 87 67
0 313 21
8 48 45
9 -221 -99
7 -61 184
6 310 -315
7 1 163
1 -347 343
3 -365 170
0 305 54
6 314 -316
1 -337 331
5 -164 -284
3 -333 182
2 279 186
3 -345 184
7 -29 176
0 330 52
9 -223 -85
7 -46 159
1 -348 321
3 -387 182
3 -389 142
7 -41 138
8 76 54
9 -225 -67
8 63 71
0 269 63
6 307 -318
7 -47 186
4 -145 196
2 300 222
9 -232 -64
0 296 -21
4 -155 247
7 -44 164
7 -57 186
2 273 198
7 -45 122
9 -218 -76
0 286 38
6 315 -293
5 -127 -268
3 -349 183
0 324 38
7 -34 169
8 60 62
7 -63 169
1 -320 354
3 -359 171
3 -373 192
0 346 8
6 327 -336
6 348 -327
8 55 73
1 -300 327
3 -341 162
7 -32 206
6 297 -316
5 -166 -317
4 -110 170
5 -152 -272
9 -184 -77
0 310 5
2 286 166
2 277 170
5 -124 -309
6 335 -291
0 296 49
3 -355 175
8 60 75
0 309 45
5 -141 -279
6 332 -321
3 -365 187
7 -29 184
0 334 48
7 -42 164
0 320 31
8 54 35
9 -186 -94
4 -128 194
2 285 198
8 69 55
6 302 -281
8 67 63
7 -19 145
6 328 -352
9 -214 -115
5 -130 -296
9 -214 -102
5 -143 -296
0 307 3
2 296 179
6 333 -323
1 -327 324
5 -142 -282
2 327 200
7 -59 174
0 295 28
7 -40 177
1 -351 306
1 -362 336
7 -33 185
0 302 64
9 -201 -79
7 -39 162
6 358 -298
3 -348 141
9 -196 -82
2 289 172
0 284 19
0 327 -12
8 65 38
9 -231 -111
6 286 -297
6 282 -300
1 -331 366
3 -372 167
7 -16 138
9 -206 -82
0 302 6
1 -356 318
6 308 -305
8 83 25
4 -153 231
7 -34 186
9 -204 -71
2 298 199
9 -244 -127
2 261 193
3 -330 182
8 63 27
2 291 195
4 -149 194
1 -344 322
2 302 177
5 -176 -270
1 -379 339
4 -119 194
7 -33 164
7 -53 194
8 89 75
6 279 -326
9 -221 -107
4 -120 196
6 305 -327
4 -140 203
9 -235 -57
3 -357 170
9 -227 -87
3 -375 185
4 -136 204
4 -140 189
1 -361 311
1 -344 372
6 303 -285
3 -375 155
6 303 -346
0 316 16
2 300 203
1 -338 328
9 -206 -92
7 -38 172
7 -31 136
2 312 171
8 50 29
2 277 187
9 -207 -100
0 329 34
6 281 -320
2 295 212
1 -329 359
1 -311 336
5 -107 -275
8 69 77
2 310 193
6 295 -337
8 106 50
1 -352 335
5 -153 -285
4 -147 242
8 78 55
9 -208 -115
0 291 36
1 -307 324
4 -142 209
1 -328 360
4 -137 181
1 -333 331
0 278 31
1 -331 331
3 -386 167
9 -207 -84
5 -127 -266
5 -144 -270
2 279 171
3 -342 174
3 -367 197
1 -326 316
7 -43 163
6 308 -280
9 -183 -107
1 -339 373
0 300 37
0 300 15
7 -25 141
2 311 206
4 -135 220
7 -42 163
2 280 174
3 -368 191
1 -307 305
9 -243 -97
8 87 70
3 -395 188
6 331 -300
3 -338 167
8 50 37
1 -322 345
1 -335 324
4 -125 195
7 -50 142
4 -157 209
3 -338 173
8 73 60
7 -48 175
3 -361 174
4 -145 191
2 298 214
4 -134 189
6 297 -307
2 260 217
2 282 193
6 322 -297
3 -356 199
6 316 -307
9 -203 -72
8 81 76
2 303 209
0 268 15
8 78 52
3 -360 199
6 319 -316
2 316 201
3 -359 184
9 -251 -83
4 -119 219
3 -335 217
5 -144 -274
3 -394 177
0 329 24
2 310 189
7 -42 160
9 -215 -89
4 -120 205
1 -347 340
5 -150 -306
2 287 186
1 -355 363
7 -9 159
4 -142 176
2 290 222
0 304 17
6 301 -296
5 -135 -282
1 -337 302
9 -248 -104
6 312 -315
9 -213 -73
6 272 -331
6 322 -304
1 -368 331
3 -352 172
8 74 44
7 -18 -62
7 -75 180
7 -34 200
4 -142 220
6 316 -333
3 -359 173
6 307 -329
3 -331 172
9 -223 -100
7 -49 132
1 -336 334
8 79 26
5 -124 -273
7 -45 171
0 305 11
8 76 53
1 -359 320
6 307 -327
7 -41 173
7 -69 181
8 83 65
9 -214 -89
6 317 -282
5 -133 -272
4 -137 180
6 334 -311
2 304 228
0 309 35
2 322 181
7 -22 165
2 329 204
4 -140 214
4 -154 213
9 -187 -83
5 -157 -248
9 -205 -66
3 -358 171
3 -349 175
4 -128 191
8 71 74
0 322 24
5 -149 -254
8 46 69
0 326 43
5 -151 -291
1 -353 355
3 -363 129
9 -213 -85
9 -213 -110
7 -66 149
5 -129 -271
5 -121 -307
6 295 -317
7 -47 179
2 293 190
0 287 76
3 -350 181
4 -169 194
2 302 196
1 -332 327
7 -47 207
4 -134 184
0 313 26
6 352 -321
7 -71 155
8 57 65
4 -121 209
6 325 -311
9 -222 -98
8 58 47
3 -349 157
1 -368 329
9 -253 -109
4 -144 203
5 -138 -281
5 -132 -250
4 -152 199
4 -160 222
3 -343 188
1 -305 333
5 -140 -274
1 -336 346
1 -353 381
0 314 27
8 74 60
1 -342 363
0 305 51
9 -250 -118
8 78 67
1 -371 352
6 331 -305
1 -318 334
7 -48 151
2 289 185
0 308 19
9 -218 -92
8 41 36
1 -348 361
7 -33 162
8 65 61
6 324 -280
0 310 16
5 -143 -284
7 3 178
1 -339 324
5 -147 -325
7 -38 193
5 -129 -262
2 289 181
7 -29 155
2 282 208
6 293 -347
1 -311 344
9 -215 -80
2 313 226
4 -132 180
2 297 202
0 295 39
8 35 68
1 -352 335
3 -377 154
6 327 -318
6 307 -332
7 -21 169
8 42 46
7 -5 150
5 -115 -308
9 -232 -93
2 293 203
6 295 -300
2 249 195
8 51 62
8 111 68
0 286 21
0 318 13
8 71 73
8 78 24
8 48 36
1 -349 342
5 -107 -254
0 312 45
2 300 213
4 -149 186
9 -214 -98
9 -238 -97
2 312 213
8 87 30
3 -342 201
1 -319 353
8 47 55
7 -36 184
9 -216 -102
0 303 52
8 74 42
5 -152 -242
2 313 195
1 -347 343
3 -362 179
8 83 40
8 69 16
6 321 -327
8 53 37
2 302 185
7 -38 172
9 -191 -72
2 261 202
3 -333 184
7 -61 160
1 -333 351
3 -370 191
8 54 70
4 -139 193
2 278 173
9 -231 -84
8 40 48
4 -109 201
9 -249 -96
6 315 -322
3 -358 177
7 -79 149
3 -380 160
2 280 198
3 -369 205
4 -173 196
6 301 -305
1 -330 326
7 -48 176
4 -133 232
8 42 61
4 -131 179
5 -118 -303
5 -145 -298
1 -329 332
2 309 198
6 311 -356
5 -125 -297
7 -44 167
7 -47 183
3 -373 185
0 316 7
8 57 67
0 303 16
8 97 61
8 61 59
6 307 -314
9 -255 -77
1 -327 349
8 84 51
4 -159 198
9 -222 -102
4 -164 194
0 301 43
9 -190 -73
6 297 -303
4 -142 234
2 303 185
0 307 23
7 -32 177
1 -344 332
8 80 21
3 -353 165
8 73 98
9 -236 -112
7 -49 177
8 83 67
6 287 -330
7 -30 170
9 -245 -76
5 -133 -273
0 298 7
5 -141 -262
9 -213 -81
1 -337 337
9 -194 -87
4 -138 209
6 321 -365
3 -347 183
6 310 -296
3 -352 188
8 82 52
7 -34 174
2 282 199
4 -131 222
8 82 50
1 -353 348
6 318 -324
0 314 35
9 -220 -93
2 311 200
3 -363 176
5 -135 -282
9 -250 -99
6 317 -303
3 -370 178
6 336 -322
6 317 -311
3 -354 150
8 81 41
4 -165 211
2 300 232
3 -355 192
4 -115 190
0 304 37
7 -31 156
3 -355 179
4 -134 231
9 -222 -95
7 -39 188
0 292 43
8 69 91
1 -351 340
3 -368 185
3 -354 162
5 -139 -272
6 286 -321
6 313 -298
7 -32 190
1 -303 329
9 -231 -103
8 58 35
9 -201 -112
1 -338 356
2 325 199
7 -23 180
3 -370 164
7 -32 151
0 301 34
9 -212 -118
0 296 31
2 300 212
0 286 23
9 -202 -103
2 306 179
1 -336 322
7 -53 166
2 291 214
8 88 70
6 311 -304
2 298 184
5 -137 -267
5 -142 -244
8 85 51
3 -361 137
6 358 -315
1 -358 326
4 -113 182
8 53 36
2 292 209
5 -125 -291
3 -348 200
6 288 -337
5 -157 -255
2 295 211
6 323 -323
3 -358 147
7 -44 160
4 -169 207
8 85 89
0 310 47
5 -146 -272
2 270 213
5 -150 -283
4 -123 199
2 289 205
3 -371 196
6 322 -336
8 83 51
0 302 32
8 101 76
3 -335 218
3 -359 185
4 -148 226
2 283 174
0 314 28
7 -56 157
4 -149 214
0 295 -2
8 52 81
4 -149 206
2 269 211
6 320 -344
8 40 66
5 -139 -263
8 59 64
8 84 69
4 -125 204
5 -144 -290
4 -143 204
1 -329 345
6 344 -310
1 -351 359
6 324 -311
7 -73 159
3 -369 168
8 75 63
1 -343 357
4 -155 215
4 -158 203
0 315 32
0 262 45
8 41 43
5 -148 -278
3 -365 131
2 276 181
4 -158 208
5 -141 -268
9 -216 -86
6 322 -344
8 65 73
4 -173 218
8 91 40
4 -157 205
9 -226 -119
1 -351 333
7 -53 170
7 -58 184
6 335 -311
1 -327 317
9 -249 -98
4 -139 198
0 347 48
1 -333 358
5 -141 -297
9 -234 -94
2 290 192
7 -23 195
2 310 181
4 -136 238
7 -40 219
8 36 39
1 -311 367
9 -208 -97
5 -143 -255
9 -236 -73
2 308 177
2 307 207
4 -125 201
5 -138 -264
6 338 -302
1 -366 319
8 67 49
9 -222 -105
7 -66 175
4 -113 162
1 -367 321
2 307 200
8 57 64
5 -142 -301
2 295 219
0 315 8
6 295 -329
1 -355 322
7 -58 188
4 -128 207
6 288 -329
6 314 -312
4 -151 203
2 281 176
2 306 188
8 34 67
0 312 29
1 -333 316
7 -71 178
1 -337 322
2 257 182
8 74 43
7 -48 183
1 -345 345
3 -340 194
3 -382 139
8 37 24
6 315 -339
9 -206 -75
0 314 15
1 -313 331
5 -144 -264
1 -337 337
2 307 220
5 -109 -255
8 81 69
6 279 -351
7 -42 165
0 310 49
7 -69 165
3 -366 190
4 -161 189
6 335 -334
6 307 -296
8 76 53
5 -111 -270
3 -363 154
6 311 -286
8 54 114
3 -363 208
0 311 -4
9 -227 -95
0 340 25
5 -146 -269
1 -347 355
5 -143 -274
2 347 212
8 57 54
7 -23 182
0 299 37
9 -220 -91
7 -16 154
5 -136 -291
1 -268 359
5 -151 -287
0 300 9
7 -12 174
0 281 29
1 -345 395
1 -355 353
1 -353 329
1 -337 357
3 -354 171
6 295 -302
8 77 37
9 -236 -79
2 306 207
3 -374 199
9 -248 -100
1 -338 344
9 -189 -71
2 318 213
7 -18 172
3 -372 173
8 65 57
6 309 -310
1 -340 365
0 259 33
6 334 -307
4 -163 198
0 307 18
6 326 -322
3 -361 178
9 -202 -97
7 -46 170
8 64 26
5 -140 -288
4 -137 190
8 73 87
5 -130 -277
1 -319 335
5 -119 -258
2 315 207
0 290 37
6 317 -312
1 -322 346
8 59 53
3 -357 166
4 -159 211
8 69 54
6 309 -317
7 -57 179
2 268 194
2 311 195
5 -136 -266
6 309 -329
6 302 -320
7 -31 183
2 314 201
1 -332 341
8 77 63
6 337 -329
5 -151 -320
3 -334 168
4 -158 204
9 -214 -61
5 -128 -276
9 -207 -64
7 -50 184
1 -346 364
3 -386 142
3 -369 178
1 -346 352
1 -351 325
5 -146 -268
1 -309 333
4 -164 225
6 290 -348
5 -164 -297
2 304 192
2 256 202
3 -340 183
6 286 -307
7 -35 161
3 -371 207
8 93 56
5 -125 -276
0 276 28
5 -113 -308
5 -141 -287
1 -333 323
2 319 196
9 -198 -82
0 286 41
1 -342 336
2 334 187
4 -140 198
6 355 -313
5 -131 -245
1 -319 336
0 331 26
5 -141 -254
7 -8 190
1 -358 360
3 -373 151
6 293 -332
1 -318 314
4 -138 187
4 -131 200
5 -162 -266
4 -142 195
7 -54 166
1 -325 371
4 -131 208
0 307 16
1 -340 347
0 319 39
7 -36 186
2 323 198
5 -112 -295
6 333 -306
1 -344 320
9 -191 -72
1 -309 360
6 342 -329
2 311 187
5 -162 -285
2 307 162
0 339 25
2 316 201
7 -49 157
2 299 174
7 -39 175
7 -40 162
3 -355 195
0 298 16
8 63 58
7 -17 201
6 275 -316
8 56 86
9 -213 -73
3 -346 168
7 -58 175
6 288 -286
3 -338 155
7 -51 186
7 -35 189
6 321 -310
0 289 28
6 317 -325
2 288 203
5 -115 -249
0 336 29
2 314 204
3 -339 183
8 72 58
8 68 55
1 -335 336
2 333 207
3 -357 208
6 312 -302
2 283 209
5 -130 -284
4 -144 169
8 86 70
6 305 -295
8 69 45
9 -219 -75
0 305 8
3 -372 150
0 341 34
4 -158 188
4 -105 218
8 72 98
5 -130 -295
8 73 43
4 -147 211
8 61 22
3 -357 173
0 310 58
2 289 197
8 76 76
1 -315 348
9 -226 -80
4 -137 190
7 -26 131
8 79 58
5 -134 -252
4 -149 190
7 -43 157
5 -152 -284
3 -372 159
7 -57 178
1 -326 332
6 342 -315
3 -359 148
8 58 55
6 312 -329
3 -365 181
9 -200 -114
0 294 39
9 -201 -74
0 303 24
1 -320 350
2 316 181
1 -343 332
1 -319 357
2 292 180
5 -104 -289
4 78 199
9 -234 -92
1 -359 351
0 279 49
6 306 -299
9 -214 -105
1 -357 341
2 292 238
4 -145 216
1 -353 358
3 -374 200
3 -319 158
6 320 -307
9 -231 -94
2 289 187
0 284 33
3 -359 181
8 62 61
7 -51 158
2 298 210
4 -152 207
6 323 -313
7 -28 192
4 -142 198
2 294 197
5 -131 -295
2 280 187
0 305 20
4 -152 229
0 322 43
1 -332 347
7 -36 157
0 321 46
4 -138 199
4 -144 190
1 -359 333
2 297 218
2 298 202
5 -125 -281
8 71 73
0 320 22
6 291 -328
7 -87 170
8 62 51
6 313 -325
9 -224 -89
7 -35 197
1 -353 334
7 -46 142
2 325 210
6 314 -321
5 -128 -279
4 -142 237
9 -240 -110
7 -35 171
7 -34 179
4 -133 235
5 -144 -263
2 296 242
8 59 57
3 -375 176
9 -239 -107
2 262 183
8 77 82
7 -34 191
4 -123 199
8 69 57
7 -23 169
9 -208 -63
3 -353 168
4 -148 230
6 307 -338
2 311 173
4 -119 187
5 -134 -253
4 -122 178
0 288 12
1 -311 341
7 -7 152
3 -369 190
5 -116 -237
7 -22 154
3 -381 161
5 -125 -272
4 -138 179
7 -52 165
5 -117 -272
2 306 201
6 333 -329
3 -362 168
9 -217 -91
7 -76 181
7 -50 161
5 -129 -238
2 289 216
5 -139 -277
5 -103 -272
4 -139 159
0 301 18
7 -54 135
1 -337 358
0 312 32
3 -343 179
1 -344 361
1 -332 332
1 -355 352
2 261 210
8 88 40
5 -137 -265
8 77 68
8 89 51
1 -320 362
4 -121 198
0 309 5
5 -119 -291
9 -242 -76
7 -48 163
9 -243 -100
5 -152 -242
1 -332 345
8 73 44
0 319 8
6 295 -337
6 333 -339
7 -96 156
9 -224 -88
9 -200 -101
3 -329 137
5 -110 -257
4 -168 207
3 -362 159
9 -218 -79
6 343 -321
8 73 62
5 -153 -272
5 -166 -306
8 58 26
7 -41 165
7 -56 201
5 -155 -254
5 -124 -297
1 -314 371
1 -354 344
9 -205 -93
9 -231 -99
9 -227 -88
0 284 23
8 65 35
2 292 179
9 -225 -75
0 304 30
9 -201 -73
2 293 178
4 -157 199
3 -340 150
9 -235 -70
3 -364 156
7 -34 142
0 298 48
3 -346 189
9 -224 -84
4 -172 228
3 -355 190
7 -30 184
1 -335 365
4 -132 166
3 -386 167
4 -160 223
7 -52 147
3 -345 138
4 -156 212
6 286 -344
6 325 -338
4 -144 223
6 319 -304
5 -124 -234
0 277 10
2 295 192
7 -65 179
7 -65 173
9 -217 -95
8 66 70
2 316 176
9 -207 -84
9 -207 -68
6 309 -293
3 -369 182
1 -328 317
6 324 -356
7 -35 169
8 102 52
8 70 36
2 290 213
2 296 242
7 -50 153
9 -202 -101
0 316 59
3 -352 164
7 -51 197
3 -352 154
7 -51 167
5 -153 -270
6 338 -337
7 -56 130
8 74 79
1 -332 328
6 309 -314
5 -132 -291
0 309 55
3 -358 150
5 -132 -263
3 -368 223
7 -13 164
4 -146 196
6 272 -338
7 -49 135
1 -359 332
5 -112 -288
3 -343 161
3 -343 165
1 -350 309
4 -199 209
4 -142 217
9 -218 -85
2 314 185
0 285 14
3 -354 162
5 -138 -260
3 -362 139
9 -207 -58
1 -333 327
5 -134 -296
8 68 51
2 326 198
2 289 201
0 306 44
3 -360 174
3 -348 186
4 -156 190
6 316 -338
8 71 13
7 -7 157
5 -154 -272
6 285 -305
1 -323 335
8 77 64
6 287 -323
4 -111 198
1 -349 324
2 263 160
8 23 42
7 -31 151
9 -248 -111
6 305 -323
9 -235 -75
9 -248 -88
4 -144 240
3 -348 174
0 279 18
9 -231 -92
