6000
1 314 -256
0 191 210
0 123 154
1 287 -165
1 -228 100
0 -150 -207
0 202 155
0 -222 -182
1 -123 186
1 215 -230
1 198 -148
1 237 -230
1 -77 281
0 -227 -138
0 -247 -193
1 -362 211
1 -147 306
0 -273 -127
1 -234 229
0 -207 -177
1 282 -134
1 119 -137
0 356 170
1 -175 251
1 -167 163
0 192 239
0 311 229
0 190 230
1 275 -261
1 -63 309
0 298 263
0 355 178
0 205 219
0 218 171
0 198 300
0 67 187
0 213 226
1 -287 220
0 248 204
0 -378 -306
1 263 -225
1 -339 175
0 -190 -242
0 -167 -272
1 -117 105
0 317 54
0 211 190
1 170 -306
0 365 63
0 -162 -178
0 -150 -125
1 155 -297
1 -122 128
1 -109 85
0 -212 -214
0 -114 -135
1 134 -167
0 216 68
0 -228 -118
0 -162 -105
1 72 -136
0 -151 -158
1 111 -150
0 -11 -273
0 173 296
0 -161 -282
0 -301 -172
1 -202 107
0 -288 -237
0 -318 -227
1 -244 79
1 176 -255
0 181 190
0 226 157
0 284 269
1 282 -268
1 -142 63
0 -399 -179
0 183 332
0 -180 -103
0 -241 -222
0 -202 -299
0 -177 -122
1 -183 143
0 287 127
0 -58 -190
0 -286 -142
1 -217 137
0 -149 -128
1 282 -215
1 157 -140
0 -124 -256
0 -312 -270
0 189 18
0 -162 -255
0 109 139
1 -80 186
0 170 293
0 140 190
1 -143 189
1 174 -176
1 334 -150
1 201 -24
1 -158 229
1 145 -195
1 233 -247
0 -195 -141
0 184 158
1 -245 122
0 -90 -211
0 -240 -137
1 -173 206
0 296 154
1 193 -265
1 191 -209
0 257 8
0 200 199
0 121 115
0 118 175
1 -190 172
0 255 77
1 -210 188
0 -277 -205
0 -307 -237
0 -290 -42
0 287 233
1 -230 261
1 99 -310
0 243 282
0 -286 -69
1 -204 204
1 285 -230
0 153 184
1 -346 172
1 247 -149
0 -92 -325
1 -248 156
1 159 -187
0 -92 -293
0 -113 -142
0 -109 -160
0 248 335
1 185 -191
0 -204 -188
0 -242 -253
0 -111 -223
1 -135 117
1 -299 194
0 -30 -281
0 274 182
0 -301 -170
1 -228 151
1 -226 190
0 -256 -102
1 -148 152
1 -170 230
1 97 -225
1 -181 233
1 -128 364
0 -222 -206
1 -305 218
0 -94 -274
0 165 60
1 -262 117
0 161 224
1 -264 218
1 -154 283
0 -181 -169
1 -276 240
0 -68 -142
0 160 253
0 -204 -190
0 124 282
0 -178 -136
1 171 -249
1 -235 310
1 237 -100
0 -162 -191
1 -190 228
0 218 120
0 338 210
1 121 -284
1 230 -109
0 353 90
0 284 130
1 -150 165
0 249 91
1 258 -247
1 -196 228
1 -166 106
1 197 -331
1 -111 169
1 100 -202
0 -34 -77
1 -156 196
0 -149 -195
0 -179 -309
1 288 -8
0 -174 -96
1 -275 273
1 -63 239
1 259 -230
0 280 120
0 -72 -335
0 258 287
1 156 -285
1 -232 125
1 -180 197
1 203 -201
0 -231 -131
1 -224 182
1 247 -251
1 186 -269
1 -137 204
1 106 -153
0 -101 -152
0 12 86
0 235 171
0 70 195
1 -278 163
1 -152 238
0 72 128
0 -241 -106
1 184 -123
0 -308 -166
0 -269 -171
1 262 -113
0 -204 -339
0 -170 -186
1 -168 137
1 -136 236
0 -285 -246
0 124 178
1 -284 192
1 -114 213
0 -183 -130
1 -253 132
1 256 -225
1 148 -248
1 -289 330
1 221 -63
0 -241 -325
0 -253 -115
1 169 -139
1 85 -97
0 117 223
1 96 -207
1 -231 148
1 -284 233
1 278 -231
0 -90 -278
0 -267 -226
1 167 -187
1 176 -264
0 -156 -283
0 -279 -181
1 354 -210
0 -194 -253
1 -162 199
0 214 102
0 227 233
0 -182 -181
0 214 61
1 -124 312
1 -61 113
0 254 145
0 198 345
1 -257 243
0 -83 -145
0 208 162
0 294 143
0 -338 -143
1 98 -380
0 134 190
1 274 -337
0 -264 -284
0 318 217
1 -210 216
0 -83 -135
1 264 -207
0 -193 -169
1 147 -194
1 -7 -30
0 203 117
1 142 -197
1 298 -114
0 -181 -183
1 -85 260
0 -164 -210
1 213 -160
1 -326 304
0 266 99
1 -179 277
1 17 -322
1 -297 162
0 212 189
1 119 -167
0 -243 -108
0 -114 -225
1 -254 281
1 -166 181
1 110 -133
1 244 -314
1 -148 345
1 -230 210
1 96 -233
1 234 -273
1 -233 380
0 -123 -180
1 -123 193
1 159 -159
1 161 -56
1 267 -179
0 205 212
1 304 -223
1 236 -212
1 235 -133
0 -111 -264
0 -292 -82
0 -246 -173
0 -310 -223
0 -172 -400
0 -191 -46
0 214 134
1 -158 175
1 -162 270
0 -140 -262
1 258 -122
0 310 170
1 305 -248
1 225 -274
0 -306 -147
0 132 191
0 228 96
0 -118 -190
1 263 -206
1 144 -164
0 -208 -255
1 210 -230
0 210 185
0 -222 -342
0 -261 -134
1 -160 237
0 169 172
1 -207 228
0 288 240
1 211 -234
0 268 119
1 180 -216
1 99 -220
1 -175 364
1 101 -246
1 -325 86
1 257 -249
0 -41 -127
1 67 -243
0 322 209
0 338 219
1 -117 255
0 201 215
0 -224 -247
1 -208 282
0 -150 -224
1 9 -169
1 -194 106
0 -160 -255
1 178 -229
1 145 -139
0 226 204
1 143 -262
1 -125 121
1 227 -131
0 -237 -332
0 109 270
1 177 -61
0 -186 -178
0 -244 -353
1 365 -20
0 201 57
0 -234 -211
1 168 -203
1 -250 249
1 -225 281
1 243 -153
1 236 -257
0 250 290
1 285 -212
0 -157 -22
0 -172 -239
0 -111 -169
1 12 -148
1 -131 108
1 -241 124
1 213 -190
1 216 -101
1 94 -142
1 -252 311
0 209 294
1 303 -177
0 -267 -215
0 132 239
1 202 -303
1 -216 164
1 180 -130
0 -259 -283
1 -265 246
0 237 258
0 262 128
0 368 151
1 -160 213
1 209 -226
0 174 200
1 -164 315
1 -274 159
0 19 162
1 -195 108
0 274 263
1 -247 130
0 146 246
1 218 -266
1 -118 235
0 -183 -184
0 167 201
0 257 114
0 242 133
1 220 -292
1 -87 193
0 -279 -198
1 125 -209
1 153 -251
1 234 -200
0 164 120
1 184 -150
1 -173 362
1 154 -128
0 202 209
1 -177 242
0 -232 -140
0 -203 -166
0 -156 -150
1 238 -313
1 -206 99
0 -100 -177
0 -255 -316
0 233 159
0 174 240
0 -260 -153
1 159 -159
1 -209 165
0 191 158
0 222 211
1 309 -223
0 187 331
1 -68 140
1 -179 185
1 -155 153
1 155 -192
0 117 192
0 -288 -169
0 47 259
0 -156 -284
1 204 -115
1 183 -140
0 219 222
0 -232 -251
0 -207 -217
1 277 -230
0 277 146
1 156 -318
1 263 -192
0 354 175
1 -201 199
1 202 -213
1 -370 83
0 312 159
1 187 -92
1 -281 157
0 -36 -296
0 199 255
1 132 -239
0 215 269
0 378 168
0 -139 -239
0 215 180
1 233 -230
0 -235 -353
0 -312 -183
1 -365 307
1 -152 303
0 -77 -234
1 350 -233
1 201 -141
1 -229 159
0 206 246
1 -87 178
1 -124 298
0 -237 -118
0 -153 -129
0 -119 -170
0 -280 -199
0 -237 -79
0 -28 -201
1 212 -108
0 131 224
0 54 105
1 -159 210
1 -142 285
0 -188 -219
0 -170 -284
0 339 237
0 -202 -235
0 -274 -258
1 219 -168
1 169 -194
0 -179 -146
1 -128 234
1 -296 382
1 256 -214
1 300 -91
1 -203 250
1 160 -379
1 -186 179
0 255 187
0 -237 -188
1 -204 296
0 -122 -154
1 239 -107
1 -219 193
0 -204 -168
0 -119 -114
1 -202 267
0 -285 -306
1 347 -176
1 257 -255
0 246 -20
0 -202 -286
0 -122 -105
1 -220 55
0 121 96
0 125 164
0 -141 -208
1 -194 319
0 -200 -162
0 -117 -291
1 177 -148
1 -237 112
1 202 -215
0 22 137
1 -235 236
0 145 300
0 211 155
1 126 -187
0 207 261
1 143 -187
1 170 -263
0 -143 -258
1 193 -340
0 101 140
1 144 -61
1 232 -126
0 -204 -309
1 -140 120
1 256 -262
0 -193 -238
1 161 -313
0 227 87
1 291 -343
0 142 171
0 172 171
0 193 181
1 -107 146
1 -115 243
0 -188 -319
0 -197 -247
1 -133 157
1 192 -273
0 239 214
0 228 301
0 -269 -174
1 201 -122
0 185 149
1 -160 297
0 -174 -152
1 -212 292
1 164 -182
0 -217 -177
1 311 -94
0 -205 -185
1 -283 140
1 244 -120
1 -218 178
0 -124 -98
1 76 -293
1 -291 232
0 145 164
0 161 158
1 254 -165
0 356 179
0 -185 -283
0 -349 -168
1 -294 387
1 309 -197
1 152 -230
0 202 152
0 -243 -280
1 -199 176
0 129 272
1 203 -193
0 153 301
0 73 -277
0 -238 -144
1 153 -267
0 -272 -173
0 88 126
1 56 -277
1 286 -147
0 -248 -130
1 -205 210
1 -277 93
1 151 -176
0 -151 -284
1 -106 186
0 237 125
1 -209 279
0 -336 -147
1 -217 177
0 -254 -170
1 -229 21
1 -241 298
1 207 -140
1 190 -165
0 228 223
1 147 -188
1 220 -120
0 -76 -249
0 -263 -325
0 178 188
0 -165 -163
0 -152 -34
0 284 116
0 226 89
0 -188 -346
1 -240 168
0 92 198
0 181 157
1 -274 169
0 -127 -284
0 -187 -276
1 168 -125
1 -159 234
1 -279 60
0 -106 -166
1 -276 233
0 257 193
1 -262 185
1 131 -221
1 273 -138
1 -105 170
1 -178 302
0 222 217
1 -133 217
0 175 272
0 -179 -372
0 -281 -45
0 -233 -254
1 202 -243
0 362 134
1 195 -239
0 -140 -239
0 114 253
1 262 -202
0 333 258
0 -99 -277
0 241 230
1 170 -268
1 -268 242
1 -201 336
1 303 -256
0 -107 -110
0 -344 -137
0 -113 -335
0 -207 -160
0 -264 -225
0 243 165
0 172 127
0 61 367
1 -242 216
0 208 180
0 -258 -131
0 257 313
0 -328 -185
0 216 181
1 131 -101
0 206 188
1 167 -35
0 50 269
0 -162 -178
1 -297 193
0 -158 -173
1 -51 193
0 -256 -176
1 -287 211
0 -72 -165
1 254 -316
0 200 194
0 -171 -189
1 182 -176
0 -250 -170
0 -262 -268
0 264 209
1 211 -177
1 5 -155
1 -149 245
1 -184 191
0 284 256
1 222 -333
1 -305 185
0 -144 -205
0 232 276
0 -86 -51
0 -356 -64
1 170 -143
0 -286 -166
1 -298 33
1 62 -241
0 -197 -161
1 360 -136
1 -255 361
0 370 292
1 235 -93
0 -251 -194
0 101 169
1 159 -284
0 250 333
1 235 -255
1 -221 267
0 -157 -303
0 356 225
0 310 236
0 -211 -131
1 140 -314
1 205 -180
1 85 -244
0 254 224
1 245 -217
1 218 -68
1 -63 192
1 -198 226
0 88 163
1 -61 336
1 205 -90
1 124 -88
1 -273 215
0 168 380
1 -149 193
0 10 213
0 167 268
1 -198 204
0 236 279
1 75 -203
1 58 -217
0 -122 -234
1 192 -124
0 215 344
1 73 -214
0 -217 -214
0 -171 -251
1 -214 83
1 161 -148
0 269 215
1 183 -134
1 191 -169
1 -46 198
1 -137 238
0 354 249
0 234 242
1 335 -125
0 159 164
0 157 91
0 210 296
0 -297 -202
1 197 -114
1 292 -167
1 -211 72
0 128 250
1 206 -231
0 291 198
0 -163 -262
1 -310 222
0 148 203
1 180 -231
0 -205 -256
0 103 170
1 214 -158
0 -27 -199
1 153 -197
1 -186 162
0 219 370
0 159 122
0 -182 -112
1 175 -41
1 222 -158
0 288 219
1 -129 297
0 188 124
0 215 141
0 -287 -239
1 215 -133
0 184 194
0 -260 -287
0 -130 -163
0 -338 -340
1 -134 282
1 304 -244
1 196 -135
0 167 109
1 -221 167
1 -341 233
1 -134 166
1 1 -184
0 -210 -118
1 -140 158
1 386 -241
0 -223 -230
0 -156 -216
0 -175 -167
0 -265 -145
0 151 273
0 -158 -236
1 117 -271
0 -162 -300
0 289 213
0 -312 -334
0 78 239
0 245 118
1 -163 214
1 137 -193
1 258 -191
0 -285 -197
1 239 -124
0 251 226
1 164 -233
1 143 -271
0 -181 -129
1 -195 307
0 247 133
1 244 -244
0 -199 -220
0 -215 -140
1 -77 167
1 158 -163
1 -349 148
0 -263 -129
0 324 325
0 227 244
0 295 211
1 169 -172
0 -261 -184
1 201 -224
1 263 -70
0 244 45
0 -125 -196
1 248 -139
0 207 288
0 160 109
0 226 78
1 -65 265
0 94 243
1 89 -168
0 -334 -293
1 215 -180
0 -220 -169
0 272 163
1 155 -284
0 -352 -137
0 141 133
0 289 238
1 -215 118
1 -121 100
0 221 162
0 -188 -256
0 210 374
0 208 315
0 -111 -121
1 132 -195
0 16 118
0 -166 -161
0 108 85
1 269 -149
0 -116 -209
1 -147 232
0 53 250
1 -208 297
1 154 -238
1 -295 316
0 -310 -228
1 264 -186
0 195 214
1 -160 175
1 151 -332
0 238 271
0 -108 -249
0 197 183
0 -133 -198
0 373 308
0 -224 -217
1 301 -189
1 116 -318
1 -292 188
1 218 -152
0 -216 -251
1 186 -161
1 283 -155
0 225 301
1 99 -179
1 282 -201
0 281 186
1 228 -92
0 -337 -238
1 -73 211
1 184 -237
1 185 -118
0 345 136
1 28 -326
1 141 -256
0 180 380
0 188 190
0 3 307
1 240 -151
0 173 269
0 -213 -150
0 -146 -66
1 159 -271
0 246 193
1 -149 185
1 162 -206
1 141 -252
0 -95 -204
0 -135 -178
0 -61 -162
1 -229 350
1 321 -211
0 -264 18
1 211 -154
1 282 -155
0 85 288
0 -157 -300
1 108 -251
1 358 -250
0 184 141
0 -206 -178
1 165 -231
1 207 -346
0 -225 -164
1 -190 207
1 -102 119
1 -158 118
1 -228 220
1 -245 252
1 196 -331
0 237 141
1 135 -221
0 265 176
1 307 -298
0 -224 -150
1 -182 221
1 -171 207
0 153 256
0 330 127
1 226 -161
0 49 157
0 119 297
0 153 75
1 -272 75
0 107 274
1 44 -38
1 303 -168
0 386 139
0 -260 -95
1 -231 92
0 -357 -286
0 -135 1
1 -199 157
1 120 -155
1 120 -278
0 -257 -77
0 -222 -143
1 -248 337
0 143 196
1 -170 199
1 -186 143
1 -177 221
0 -201 -217
0 -283 -300
0 -229 -256
1 -93 287
0 291 206
1 175 -194
1 214 -269
0 -220 -174
1 -342 112
1 -277 143
1 322 -241
0 267 88
0 222 25
1 12 -228
1 -203 353
1 -185 267
0 -290 -212
1 -244 352
1 -189 259
0 -115 -158
1 -240 203
0 252 274
1 -198 115
0 -281 -150
1 -36 249
1 255 -266
1 174 -279
1 -139 232
0 204 195
0 -138 -254
0 255 377
0 -244 -133
1 -159 277
0 -198 -163
1 241 -284
1 -258 195
0 215 282
1 240 -208
1 -106 227
0 193 146
0 -184 -146
1 165 -174
1 243 -207
1 -186 93
0 -227 -145
1 -250 131
0 -166 -121
0 242 172
0 243 79
0 -250 -198
0 286 181
1 -92 184
0 -235 -153
0 -158 -188
0 203 58
0 -311 -306
1 306 -197
0 -273 -271
1 -185 188
1 -303 323
1 -159 277
0 -77 -99
1 100 -184
0 -171 -146
0 222 313
1 246 -153
1 148 -134
1 -179 306
0 -334 -101
1 -262 250
0 -166 -293
0 -188 -124
0 -215 -233
0 -263 -60
0 182 254
1 -300 177
1 -78 150
0 240 279
1 -370 312
0 252 109
0 -158 -146
0 186 215
0 275 90
1 213 -267
0 -29 -97
0 -204 -203
0 -118 -157
0 -206 -190
1 240 -159
0 196 92
0 189 251
1 -80 259
0 275 84
1 161 -148
1 -356 326
0 235 7
0 232 217
1 -149 128
1 142 -2
1 213 -145
0 -236 -275
0 146 96
1 -152 256
1 152 -206
0 -266 -185
1 205 -104
1 -317 360
1 66 -110
0 -143 -221
0 -233 -218
0 -132 -127
0 261 208
0 -171 -318
1 252 -126
1 291 -147
1 216 -157
1 235 -316
1 21 -225
1 -274 97
1 -180 3
0 -192 -218
1 -170 226
1 175 -190
0 257 136
0 196 123
0 221 158
0 -210 -295
0 346 195
1 116 -353
0 55 199
1 -297 260
1 275 -102
0 -142 -220
0 135 193
1 329 -229
0 -226 -193
1 -85 298
0 -228 -227
1 -272 178
0 62 264
0 -107 -82
1 268 -162
0 269 252
0 230 171
1 -249 223
1 -46 297
1 258 -169
0 172 135
1 -189 243
1 -264 77
0 211 221
1 -205 209
0 -250 -231
0 -361 -282
0 95 285
1 -243 350
1 -230 185
1 -294 270
1 363 -189
1 153 -167
1 -236 96
0 250 258
1 190 -171
1 218 -166
0 240 279
0 -145 -60
0 -186 -231
0 194 191
0 -202 -327
1 -204 124
0 197 114
1 -337 290
1 -137 168
0 338 216
0 165 162
0 95 174
0 -145 -244
0 290 123
0 146 202
1 -161 128
1 176 -117
1 211 -302
1 186 -259
1 -319 239
1 237 -212
0 -166 -252
1 130 -115
0 -195 -270
1 -191 1
0 -216 -195
0 -224 -141
0 149 79
0 275 172
1 201 -173
1 -215 329
1 337 -55
1 315 -235
1 298 -351
1 117 -317
1 -58 206
0 89 205
0 -42 -217
0 167 108
0 -182 -169
1 -204 267
0 97 221
1 -192 280
0 358 172
1 218 -263
0 -198 -153
1 -245 215
1 289 -324
0 238 -76
0 -273 -165
0 -246 -168
0 163 84
1 88 -175
1 175 -221
1 184 -192
1 -294 288
0 -149 -322
0 -315 -251
0 207 227
0 368 118
0 -142 -119
1 -312 177
1 -158 231
1 -178 299
0 204 233
0 232 116
0 187 111
1 -300 101
1 190 -131
0 -245 -211
1 229 -244
1 -1 228
0 -234 -260
1 130 -284
1 -160 259
1 -126 288
0 143 211
0 -260 -318
0 -144 -246
0 -155 -180
0 -201 -190
0 131 210
1 266 -206
0 180 155
0 -152 -289
1 -222 253
0 123 184
1 285 -255
0 175 275
1 -159 264
1 -165 163
1 297 -225
0 230 290
0 251 151
1 136 -229
1 -310 109
1 235 -330
1 -23 -250
0 -207 -24
0 335 174
1 -123 206
0 -298 -30
0 83 128
1 -174 82
0 -309 -280
0 224 218
1 150 -270
1 306 37
1 151 -134
1 268 -35
1 158 -157
1 -245 246
0 -211 -267
0 146 157
1 -95 259
1 -182 205
0 -222 -148
1 239 -141
1 127 -278
1 -207 128
0 -254 -232
1 184 -185
0 215 211
1 165 -263
0 143 248
1 -310 294
0 -293 -57
0 -80 -195
0 258 301
1 -157 169
1 284 -224
0 285 94
0 96 226
1 -232 200
0 312 314
1 174 -171
0 -242 -231
1 179 -109
1 189 -155
0 148 145
0 -304 -140
0 -230 -30
1 -170 69
0 -174 -160
0 100 266
1 -172 295
0 62 261
1 -259 143
0 -187 -73
1 -190 280
1 -98 237
1 -229 189
0 -97 -306
0 286 86
1 -153 342
0 -171 -158
1 -331 219
1 104 -337
0 163 102
0 -297 -123
0 116 154
0 -284 -139
1 95 -349
1 211 -109
1 154 -147
0 258 183
0 -309 -164
1 -196 246
1 304 -166
0 -223 -289
1 -115 262
1 -160 296
1 -114 83
0 126 62
0 -186 -229
0 -170 -237
0 232 95
1 -235 132
1 -252 189
0 -241 -270
1 121 -309
0 295 183
1 162 -158
0 -266 -170
0 -119 -230
0 -164 -167
1 168 -168
0 230 285
0 275 208
0 152 186
1 -326 246
0 -278 -318
1 57 -293
0 -152 -211
1 274 -227
1 -126 306
0 298 167
1 199 -160
1 -177 182
1 186 -74
0 -193 -197
1 -94 65
1 -154 80
0 -229 -142
1 -142 189
0 -223 -195
0 -67 -201
0 -167 -222
0 -254 -108
0 229 172
1 260 -84
1 195 -180
1 -301 170
1 -189 310
0 236 231
1 34 -203
0 162 148
0 126 205
1 142 -205
1 -230 170
1 -267 174
1 204 -211
1 285 -293
0 -217 -167
0 203 285
0 265 101
0 -233 -87
0 158 202
1 -72 205
1 341 -245
0 -104 -363
0 152 191
0 -205 -195
1 196 -91
0 153 247
0 -113 -114
0 -5 -234
0 167 121
1 -99 185
0 218 170
0 -109 -177
1 230 -287
1 -220 218
0 -68 -290
0 -181 -99
1 -185 95
0 220 187
0 -279 -254
1 197 -292
1 240 -267
0 -288 -172
0 -123 -191
1 103 -156
1 162 -267
1 258 -107
0 83 247
1 -243 117
1 180 -243
1 166 -90
1 -257 264
0 267 162
0 -206 -208
0 -123 -288
1 303 -248
0 348 285
0 -250 -125
1 211 -104
0 247 210
1 228 -99
0 174 149
1 155 -233
1 -146 184
1 55 -196
1 179 -258
1 206 -201
0 -257 -138
1 -214 58
1 -245 182
1 225 -352
0 242 202
1 91 -276
1 -225 95
1 -135 292
1 279 -146
1 -122 128
1 240 -139
0 168 228
0 -68 -176
0 293 225
1 149 -216
0 151 210
0 -228 -257
1 204 -300
1 -199 331
0 -336 -184
1 160 -204
0 216 244
0 -189 -165
1 -133 110
0 -173 -118
0 236 96
1 -209 324
1 69 -104
1 81 -200
1 -184 268
1 -234 165
0 166 292
0 -128 -337
1 -254 134
1 251 -238
0 -50 -142
0 160 211
0 -109 -242
0 -129 -222
1 -185 246
0 -90 -288
1 20 159
1 219 -348
0 204 289
0 243 99
0 -172 -93
1 -192 249
1 -177 166
1 -237 217
0 -221 -101
1 261 -205
1 123 -92
1 254 -241
0 229 188
1 182 -183
1 -237 283
1 -194 113
0 254 204
1 -180 118
1 339 -223
0 -182 -180
0 -166 -182
0 -249 -163
0 166 159
0 -218 -53
0 244 176
1 -189 211
1 -218 47
0 -221 -162
1 108 -192
1 196 -276
0 -216 -287
1 153 -193
0 -94 -122
1 -90 218
1 -128 158
1 -244 196
1 -234 229
0 -145 -246
1 -355 162
0 -277 -251
1 161 -138
0 -224 -233
1 266 -219
1 307 -158
1 -314 198
1 -187 258
0 -192 -248
0 221 244
1 -119 195
1 235 -254
1 249 -112
1 221 -202
1 -296 262
0 54 316
0 311 177
1 335 -309
1 -201 237
0 -201 -135
1 277 -239
1 -210 255
0 80 115
1 -290 257
0 189 253
1 148 -204
1 185 -150
1 -246 210
1 248 -86
0 291 124
1 -281 271
0 -180 -155
0 -39 -208
0 -218 -53
1 -189 102
0 227 318
1 -147 146
1 197 -271
1 122 -156
0 316 296
0 54 178
1 272 -246
1 139 -260
1 -146 103
0 149 163
1 206 -215
1 -201 284
0 176 230
1 301 -390
0 -243 -328
1 -189 147
1 165 -250
1 163 -231
0 -127 -211
1 -125 130
0 -189 -132
0 215 197
0 103 181
1 -227 286
0 -231 -200
0 102 190
1 192 -315
1 229 -110
1 170 -187
1 259 -259
1 154 -304
0 -257 -231
0 316 289
0 179 138
0 39 176
0 215 309
1 284 -64
1 159 -284
1 -178 189
1 285 -130
0 198 83
0 -257 -131
0 128 346
0 149 316
1 21 -208
0 -97 -320
0 -115 -197
0 -89 -303
0 61 182
0 237 258
0 333 270
0 -104 -192
1 242 -90
1 -230 295
0 193 111
1 -161 239
1 2 251
0 184 245
0 130 176
0 213 216
0 -240 -281
1 -251 262
1 -190 332
0 -240 -100
0 192 167
1 -122 234
0 -363 -263
1 -233 211
0 -281 -151
1 209 -231
0 -220 -195
1 -203 155
0 205 138
1 -174 147
1 -196 146
0 161 145
0 90 240
1 -275 341
0 -147 -33
1 110 -243
0 259 315
1 261 -66
1 219 -299
0 369 107
0 -246 -214
0 -333 -130
0 125 237
0 -254 -95
1 224 -153
1 93 -181
1 -188 204
0 214 103
0 -189 -247
0 -182 -196
0 -237 -158
1 286 -360
1 89 -170
0 146 176
0 243 210
1 -227 106
0 -303 -253
1 -164 277
0 -217 -217
1 210 -249
0 297 316
0 -166 -235
0 -117 -251
1 -125 264
0 -238 -306
0 244 104
0 91 312
1 121 -254
1 -198 55
1 -231 369
0 120 264
1 249 -240
0 -317 -111
1 -88 206
1 -202 202
0 223 206
1 -163 208
1 153 -349
0 -253 -298
1 -147 277
0 333 34
1 118 -196
1 -137 221
1 -275 203
1 -176 11
1 -320 272
1 186 -234
1 -257 292
0 239 134
1 -5 81
0 -243 -250
0 10 -113
1 320 -260
0 -247 -266
0 -189 -198
0 -207 -291
1 252 -332
0 -230 -200
1 -343 292
1 -223 207
0 149 280
1 -232 182
1 -251 239
0 -177 -151
1 -131 198
1 283 -254
1 -98 257
0 292 293
1 268 -211
1 -205 113
1 -297 295
1 -243 170
1 -311 133
1 -76 199
0 -273 -225
0 244 221
0 -129 -274
1 156 -207
0 142 161
0 -132 -259
0 -160 -215
0 229 214
0 263 165
1 165 -310
1 -152 189
0 -220 -166
1 -202 87
1 194 -160
0 208 197
1 155 -303
0 -116 -219
0 120 322
0 -295 -141
0 -152 -169
0 281 288
1 196 -156
0 -208 -91
1 227 -202
1 -243 367
1 -135 161
1 172 -205
1 -178 232
0 184 302
0 -162 -199
1 -231 108
0 191 162
0 177 200
0 176 217
0 108 195
1 193 -338
0 213 234
0 -176 -118
1 76 -150
0 65 -227
1 -350 133
1 236 -176
1 184 -118
1 160 -138
0 188 77
0 -359 -264
1 -319 82
0 -171 -53
0 -183 -290
0 -279 -236
1 271 -196
0 -161 -309
1 81 -149
1 -188 161
0 296 233
1 220 -194
1 -280 97
1 -241 295
1 -290 188
1 -89 239
1 147 -140
1 -295 124
0 252 277
1 -177 79
1 -127 138
0 126 191
0 182 232
0 252 186
0 130 200
0 193 239
1 -159 256
0 166 260
1 139 -173
0 230 216
1 -219 96
1 -397 83
0 -116 -173
1 306 -136
0 -267 -298
0 120 81
0 213 260
0 -155 -292
0 248 198
0 48 209
0 152 274
0 -143 -172
1 -111 228
1 244 -277
1 -160 141
0 185 237
1 310 -129
0 -295 -188
0 -135 -167
0 220 160
0 -41 -232
1 230 -258
0 -329 -221
1 -157 51
1 -176 106
1 201 -199
0 -62 -168
1 -243 267
0 -148 -179
0 -272 -233
1 -90 174
0 135 366
0 353 192
1 -115 171
0 -209 -104
0 160 256
0 89 246
0 194 269
1 -264 21
1 215 -216
1 -147 246
0 -258 -26
1 154 -88
1 -247 132
1 307 -216
1 257 -124
0 202 254
1 -188 244
1 272 -282
0 -144 -224
1 -293 372
0 242 131
0 180 135
1 -207 229
1 -315 235
0 132 234
1 308 -233
1 129 -215
1 -98 94
1 -199 122
0 -382 -223
0 -203 -223
1 -290 387
0 185 62
0 307 214
1 -252 252
1 -194 206
0 -151 -153
0 -317 -275
0 279 201
0 68 -247
0 296 389
0 204 263
1 210 -47
1 147 -209
0 -224 -303
0 266 249
1 -188 249
0 -274 -201
1 -280 209
1 292 -194
0 -66 -152
1 -135 221
0 -138 -224
1 -348 160
1 -244 232
1 -129 320
0 202 264
1 -215 281
0 233 146
1 178 -188
1 -183 118
0 237 308
0 237 221
1 169 -123
1 -239 93
1 -391 124
1 -180 280
0 -245 -213
0 -210 -265
1 179 -223
1 -187 235
0 -303 -96
0 -247 -155
1 142 -307
1 -114 184
1 168 -271
0 -28 -171
0 -52 -181
1 207 -324
1 189 -235
0 121 299
0 -265 -96
0 335 288
1 284 -73
1 101 -262
1 112 -151
1 249 -308
1 -198 211
0 -203 -100
0 308 134
1 142 -129
1 157 -206
0 193 235
0 304 223
1 257 -98
0 -333 -125
1 -261 152
1 -121 224
1 -208 225
0 201 260
1 -354 172
0 -131 -142
1 -286 234
1 88 -334
1 -211 202
1 219 -191
0 -286 -249
1 -259 145
0 -47 -108
0 66 132
1 226 -244
0 62 221
1 117 -217
1 148 -247
1 185 -171
1 284 -259
1 186 -245
0 154 293
0 -253 -135
0 -202 -161
0 91 148
1 -161 224
0 -269 -139
0 262 150
0 -270 -244
0 188 127
1 52 -254
0 -279 -122
0 -196 -261
0 -240 -268
1 228 -214
0 -257 -133
1 -293 82
1 181 -147
0 333 224
1 -194 193
1 -288 183
0 -136 -173
1 223 -298
1 -203 -15
1 -226 284
1 -183 257
0 -119 -282
0 319 314
1 199 -273
0 220 206
1 -190 186
0 -226 -290
1 -217 265
0 -288 -193
0 271 279
1 291 -270
0 195 203
0 191 178
0 73 195
0 245 237
0 -69 -245
1 -137 216
0 108 271
0 385 154
0 -299 -87
1 -199 195
1 -148 251
0 -201 -140
1 -179 228
1 297 -344
0 -202 -161
0 151 319
0 119 291
1 172 -113
0 264 216
0 -121 -196
1 35 -197
0 183 181
1 162 -304
0 -23 -142
1 279 -218
1 249 -181
1 259 -289
0 149 59
0 -255 -338
0 -279 -267
1 -207 275
0 -77 -210
0 174 227
1 -183 288
0 197 256
1 317 -228
1 311 -233
0 -253 -86
0 -142 -181
0 -137 -262
1 -151 313
0 -88 -76
1 -149 101
0 -233 -195
1 150 -229
0 246 143
1 -119 131
1 -247 276
1 226 -194
0 270 181
1 -219 178
0 -305 -325
0 316 68
1 315 -167
1 -200 140
0 -118 -307
1 268 -172
1 234 -238
1 -150 257
1 255 -130
1 -292 215
0 263 114
0 128 233
1 150 -157
1 -276 151
1 255 -180
1 263 -273
1 -225 176
0 305 185
0 -153 -272
1 -173 175
0 -251 -199
0 169 311
0 -190 -68
0 173 131
1 -92 325
1 96 -27
1 89 -378
0 211 161
1 -106 221
0 -154 -375
0 -135 -182
0 -108 -267
0 -195 -254
0 -210 -126
1 113 -185
1 123 -377
0 174 72
0 255 247
1 -197 137
1 243 -136
1 -74 322
0 -196 -205
1 135 -228
0 -251 -260
0 -301 -277
0 -206 -78
0 233 180
1 267 -181
0 181 142
1 151 -218
1 3 323
0 -231 -204
1 283 -247
0 -147 -378
0 210 238
0 -180 -130
0 -246 -114
0 109 167
0 238 168
0 217 123
0 219 106
0 323 296
0 -140 -159
0 -164 -300
0 -236 -262
0 304 179
1 238 -269
1 -158 141
1 136 -352
1 -177 260
0 -109 -167
1 248 -289
0 230 173
1 -176 186
1 -123 232
1 105 -219
1 -368 214
0 -152 -266
1 190 -149
1 156 -65
1 34 -197
1 -100 181
1 -161 173
1 -200 147
1 -274 108
0 -67 -147
1 207 -169
1 -175 353
0 -111 -334
1 -268 178
1 -211 146
1 -264 186
0 111 355
1 -159 186
1 266 -81
0 180 227
0 290 181
0 -167 -226
1 -246 216
0 190 215
0 -240 -208
0 304 201
1 166 -371
0 -196 -169
0 231 188
0 318 133
1 -253 291
1 -71 264
1 -226 250
0 180 269
1 -200 187
1 -25 204
1 -174 154
0 222 164
1 59 -283
1 286 -206
1 -231 259
0 172 118
1 146 -336
0 119 179
1 -187 129
0 -219 -100
1 -277 113
1 -101 158
0 -69 -240
0 -212 -208
0 119 179
0 172 162
0 333 179
0 -188 -237
1 -100 188
0 -166 -229
1 -197 166
0 138 76
1 -137 191
1 -250 191
0 -83 -329
1 217 -242
1 -257 21
0 -183 -320
1 290 -202
1 120 -155
0 245 300
1 -212 276
0 250 238
0 73 171
1 144 -232
1 -169 117
1 243 -236
1 229 -172
0 -236 -248
1 -169 264
1 186 -197
0 -244 -291
1 -187 191
0 -219 -206
0 269 113
1 166 -203
0 -194 -236
1 -187 202
0 229 219
1 98 -348
1 203 -246
0 -229 -251
0 -272 -190
0 249 122
1 222 -221
1 -240 248
0 -207 -142
0 -44 -170
0 -125 -185
1 -294 217
0 333 240
1 -84 197
1 175 -42
1 149 -326
0 187 213
1 231 -284
1 193 -210
1 -283 201
0 236 101
1 214 -144
0 -192 -286
1 310 -107
0 -304 -190
0 -113 -210
1 -156 228
0 94 233
0 -77 -226
0 144 186
0 235 117
1 -333 252
0 -259 -49
1 141 -193
1 -285 157
0 -177 -225
0 -183 -292
0 152 310
1 -264 70
1 -145 358
0 167 65
1 -178 106
1 166 -165
0 328 211
1 200 -104
0 -164 -121
1 100 -219
1 -196 214
1 -64 234
0 112 192
0 -196 -120
1 -146 179
0 95 125
1 -198 139
1 292 -141
1 185 -291
0 -243 -162
0 -144 -165
0 190 248
0 96 296
1 -167 350
1 310 -213
0 216 259
1 217 -178
1 122 -322
0 -286 -240
1 74 -215
0 -83 -85
1 -170 191
0 256 145
0 211 321
0 281 322
0 157 154
1 165 -251
0 -221 -191
1 -151 73
0 -159 -241
0 -165 -177
0 -201 -259
0 166 270
1 -225 248
1 216 -187
0 -298 -195
0 -313 -83
1 282 -239
1 200 -280
0 -66 -225
1 238 -229
0 270 115
1 -219 274
1 -125 80
1 93 -263
1 -169 250
1 -189 155
0 -219 -245
0 186 141
0 -146 -186
1 -102 108
1 -256 194
1 -164 241
0 60 154
1 -212 282
0 -304 -198
1 -395 252
0 -224 -143
1 175 -216
0 160 226
1 -108 213
1 277 -125
0 370 250
1 -165 232
1 256 -264
0 176 154
1 151 -388
1 147 -174
0 -163 -146
1 119 -132
1 -320 158
0 281 167
1 275 -172
0 133 153
0 -167 -183
0 209 60
0 256 117
0 89 135
0 338 135
0 -222 -199
0 -244 -168
0 114 271
0 49 249
0 160 213
1 150 -236
1 -182 226
0 117 208
0 90 286
1 256 -241
1 -204 331
1 245 -193
0 258 321
0 318 213
1 -151 106
0 -363 -320
1 -55 148
1 -255 288
0 -292 -285
1 268 -171
1 -197 130
1 205 -201
1 209 -220
1 242 -101
1 268 -165
0 -228 -148
0 -222 -91
0 69 242
0 -198 -257
1 270 -222
1 152 -278
1 -251 349
1 295 -263
1 -188 66
0 -119 -196
1 107 -157
1 -155 233
1 189 -283
0 121 167
1 -251 145
0 258 207
0 -184 -196
0 86 206
1 -305 115
1 299 -240
0 -303 -207
0 207 227
0 -115 -311
1 117 -319
1 -173 134
1 -206 127
0 -214 -145
0 -198 -169
0 -64 -277
0 92 229
1 -2 189
0 269 303
1 -150 334
0 30 144
1 236 -160
0 -191 -261
0 283 286
0 -155 -108
1 364 -200
0 243 185
0 138 329
1 247 -224
1 -127 209
0 -203 -142
0 -255 -220
1 270 -231
0 -211 -203
0 172 192
0 -300 -132
1 173 -233
1 203 -300
0 265 101
1 152 -239
1 172 -216
0 -154 -118
0 99 177
0 -209 -99
0 -175 -17
0 386 200
0 252 300
0 57 174
1 -206 301
1 -164 189
1 222 -166
1 245 -188
0 -125 -80
0 -251 -164
1 186 -256
0 71 81
0 -151 -283
1 219 -255
1 96 -161
1 176 -345
1 284 -278
0 -214 -171
1 -196 201
1 -193 212
0 -285 -261
1 -217 119
0 84 228
0 -215 -287
1 195 -220
1 -270 166
0 137 203
0 68 136
0 -182 -151
0 227 258
0 253 109
0 142 295
0 -178 -96
0 109 100
0 -231 -214
0 168 266
0 -268 -143
0 -309 -347
0 -156 -282
0 253 192
0 -284 -334
0 -270 -265
1 106 -223
0 198 300
0 344 146
0 192 223
1 234 -237
0 293 318
0 -223 -248
1 222 -209
0 188 228
1 166 -246
1 -137 182
0 -143 -264
0 -143 -194
1 174 -190
0 214 224
1 -268 347
0 183 127
1 -166 262
0 335 303
0 145 190
0 -153 -139
0 -172 -203
0 -34 -292
0 -272 -237
0 -158 -162
0 233 190
0 -270 -171
0 142 137
1 -243 218
1 198 -205
1 -331 185
0 -264 -274
1 99 -286
1 231 -350
0 111 110
1 -262 131
1 218 -212
1 -251 287
0 209 199
1 383 -305
0 136 192
1 231 -100
1 -113 210
0 153 223
0 -120 -200
0 -181 -223
0 40 188
1 127 -209
0 -247 -244
1 284 -239
1 -344 343
1 -296 98
0 198 200
1 85 -139
0 -235 -158
1 75 -190
0 155 197
0 -141 -100
0 -84 -216
1 359 -102
1 -244 145
1 -24 -119
1 65 -130
0 79 147
1 -344 115
1 170 -213
0 144 209
1 -315 256
1 225 -179
1 230 -382
0 -261 -83
0 254 238
1 150 -250
0 -159 -213
1 -234 249
1 -256 143
1 307 -128
0 -174 -95
0 -243 -78
1 -214 77
0 -30 -176
0 -193 -288
1 158 -24
1 -289 205
0 -79 -134
1 -318 139
0 292 241
0 269 258
1 -261 114
0 155 125
0 -246 -255
0 -212 -225
1 203 -218
1 -83 262
0 205 241
0 135 152
1 194 -148
1 -167 137
0 147 129
0 103 282
1 -172 237
0 30 164
0 -209 -237
1 257 -203
0 -190 -247
1 225 -260
1 -373 176
0 -185 -87
0 -334 -199
0 -303 -370
0 -216 -247
0 252 124
0 -187 -189
1 -270 175
0 -277 -152
0 -221 -191
0 179 197
0 -142 -233
1 -158 133
1 122 -278
0 367 271
0 295 304
0 -130 -157
1 103 -268
0 -312 -269
0 -152 -227
1 205 -285
1 -207 248
1 -282 126
1 -193 236
1 -128 152
1 -264 221
1 -275 279
0 -175 -281
0 -231 -88
0 -193 -237
0 -99 -203
1 -268 247
1 176 -108
1 253 -187
1 -267 204
1 -257 201
1 -341 97
0 -211 -206
1 148 -305
0 -220 -300
1 120 -296
1 -179 127
0 -97 -310
0 168 136
0 331 224
1 -267 194
0 -258 -276
1 -143 103
1 -154 290
0 288 168
1 -201 182
0 179 253
0 217 248
0 166 218
0 -192 -128
0 71 163
1 -224 76
1 373 -185
1 -146 78
1 -294 287
0 -126 -309
0 -172 -190
0 178 152
1 273 -338
1 242 -176
1 -220 175
0 -107 -239
1 237 -245
0 -139 -159
1 -179 171
0 -200 -353
0 -186 -237
0 163 258
1 -192 145
1 -162 103
0 210 244
1 121 -266
0 -194 -259
0 -277 -212
1 312 -84
0 24 60
0 237 116
0 259 70
1 -297 210
1 179 -389
0 288 284
0 211 227
1 187 -220
0 169 260
1 219 -140
1 -22 329
1 53 -276
1 244 -41
1 -198 263
0 -296 -260
1 -225 376
0 -129 -240
0 181 181
0 186 135
1 -248 275
0 -295 -307
1 261 -190
1 174 -289
0 -195 -138
0 248 215
0 243 166
0 -267 -174
0 244 227
0 -315 -262
0 -25 -74
1 371 -170
0 249 101
0 287 147
0 -194 -234
0 -86 -152
0 223 206
1 -281 212
0 211 219
1 -247 292
0 -61 -249
1 -250 190
0 -138 -234
0 165 165
1 -252 202
1 75 -145
1 160 -302
0 -144 -235
0 -201 -239
1 -217 139
0 195 161
0 145 201
1 -219 145
1 160 -302
0 163 214
1 258 -92
1 -226 214
1 -255 255
1 56 -305
1 126 -316
0 -100 -89
0 316 133
0 -130 -200
0 -190 -226
0 344 99
0 -117 -198
0 -188 -183
1 -161 148
0 184 246
1 291 -186
0 238 95
0 -247 -219
1 105 -211
1 -190 214
0 -325 -259
0 -20 -151
1 133 -312
0 122 79
0 -219 -50
1 202 -270
1 -220 205
0 232 215
1 1 235
0 232 130
1 99 -233
0 333 202
1 -184 95
1 199 -181
1 204 -213
0 -157 -194
1 -279 236
1 -142 176
0 -253 -123
0 295 103
0 -264 -239
1 -228 217
0 -355 -176
1 94 -134
0 231 173
0 183 157
1 -294 247
1 198 -248
1 -257 57
0 -201 -133
1 -217 160
0 106 159
0 -5 -159
0 75 94
0 158 165
0 290 158
1 -243 114
1 153 -165
0 -203 -183
1 199 -257
1 -148 189
0 321 232
1 120 -58
0 -214 -317
0 116 171
0 -174 -308
0 213 287
0 232 146
0 -271 -84
1 -164 89
0 199 172
0 64 218
1 280 -253
1 159 -314
1 255 -242
0 -180 -131
0 337 177
1 -67 243
0 222 300
1 -119 182
0 -272 -252
0 -252 -82
0 -263 -306
0 -219 -236
1 43 -260
0 -301 -143
1 -59 130
0 -104 -195
0 199 96
0 180 86
1 -215 114
0 267 230
1 171 -223
0 288 -4
1 -79 85
0 38 246
0 -153 -332
0 -165 -179
1 -216 313
1 -134 89
0 212 205
0 285 196
0 311 217
0 273 171
0 -188 -224
0 188 224
0 279 68
0 -159 -347
1 -241 210
1 -102 42
0 -236 -384
0 -212 -172
1 286 -242
1 -290 260
1 192 -331
1 251 -303
1 281 -157
0 -306 -321
1 320 -212
0 129 207
0 -211 -177
0 375 209
0 184 178
1 167 -295
0 224 170
1 219 -163
1 -318 230
0 253 247
1 156 -242
1 -201 245
0 -154 -304
0 -220 -75
0 -182 -24
1 -358 96
1 -186 199
1 121 -118
1 165 -231
1 190 -63
0 148 261
0 -203 -119
1 219 -127
0 -199 -49
1 247 -224
0 318 198
0 213 27
1 -253 92
1 -208 295
0 273 12
1 262 -126
1 193 -120
0 122 38
1 -226 162
0 259 357
0 -157 -213
0 221 193
0 140 195
0 -199 -140
1 -226 140
0 -223 -188
0 243 312
0 -87 -322
1 -255 147
1 197 -238
0 -88 -236
1 252 -205
1 -165 238
0 310 392
1 198 -118
1 -184 309
0 -348 -270
0 -301 -221
1 83 -134
1 225 -237
0 -113 -150
0 94 216
1 -256 126
1 -245 302
0 -165 -189
1 311 -163
0 -239 -300
1 -183 227
1 -103 110
0 262 214
0 175 256
0 -331 -317
1 -177 270
1 -153 369
0 318 233
1 -166 199
0 -290 -211
1 270 -214
1 -320 123
1 -104 133
1 244 -279
0 132 286
0 -186 -180
0 -275 -245
0 204 191
1 -179 305
1 322 -140
1 -69 160
1 167 -125
1 -48 273
0 -147 -290
0 -169 -293
0 -333 -169
1 336 -250
1 230 -164
0 -222 -235
1 278 -224
0 -180 -87
1 -271 124
1 -237 110
0 -154 -269
0 277 272
0 262 165
1 95 -282
0 241 257
0 258 214
1 -116 135
1 198 -258
1 -207 151
1 -152 148
1 197 -210
1 -220 208
0 323 267
1 218 -257
1 -201 301
1 111 -78
1 -102 279
1 -196 163
1 -133 218
1 -239 280
1 321 -257
1 208 -88
0 -197 -208
0 168 168
1 -295 214
0 -203 -244
1 248 -153
1 -96 166
0 -138 -140
1 -97 154
0 218 246
1 289 -212
1 -174 223
0 -176 -172
1 -123 166
1 -165 282
0 -150 -112
1 -240 196
0 101 81
1 -184 148
0 161 151
1 -262 171
0 -170 -312
1 288 -203
1 -83 187
0 -287 -196
0 258 338
0 -358 -146
1 239 -142
0 44 79
1 -95 223
0 304 278
0 184 163
1 -223 226
1 -194 237
0 -156 -169
1 190 -57
1 207 -62
0 -137 -117
0 -395 -145
0 81 202
1 -183 270
1 127 -204
0 -61 -272
1 233 -342
0 -276 -179
0 80 186
1 -165 266
0 117 192
1 236 -155
1 -123 166
0 213 252
1 180 -142
0 264 197
1 82 -123
0 -146 -102
1 -290 135
0 -274 -292
0 -268 -196
0 162 66
0 233 137
0 200 244
0 118 165
1 -90 54
0 245 212
1 -163 245
1 -211 86
1 -192 181
1 -156 91
1 244 -107
1 287 -202
1 222 -212
0 -325 -204
1 -183 129
1 -237 113
0 -178 -110
0 -331 -284
0 -95 -49
0 284 233
0 -212 -251
0 88 72
1 -293 134
0 -247 -148
1 226 -175
1 197 -286
1 -208 240
0 -117 -173
1 -212 196
1 -119 32
1 -258 267
0 220 229
1 194 -219
1 -159 136
1 241 -227
0 253 106
1 -184 207
1 355 -188
1 101 -252
0 194 165
0 165 155
0 230 248
1 -116 234
1 -165 207
0 207 153
1 -153 247
0 57 269
1 -208 220
0 58 128
0 205 119
0 143 189
0 -198 -171
1 -300 253
0 -166 -204
0 -212 -161
0 15 282
1 -261 246
1 -370 44
1 178 -55
0 -172 -117
0 223 304
0 196 186
0 -174 -228
0 -87 -182
0 169 185
0 116 56
1 161 -26
1 113 -98
0 240 -32
0 -291 -147
0 280 214
1 288 -187
1 186 -278
0 215 135
1 218 -160
0 -318 -115
0 137 101
1 -110 209
1 236 -96
1 -196 308
1 -186 216
1 207 -330
0 -255 -197
0 -88 -183
0 226 43
0 159 243
0 220 28
0 228 171
0 -76 -186
0 230 172
0 212 79
1 345 -207
1 187 -249
0 167 215
1 -142 170
1 -190 333
0 36 242
1 156 -164
1 -83 167
0 254 131
0 -246 -234
1 174 -134
1 -308 99
1 196 -145
1 -155 195
1 96 -302
0 -102 -211
0 284 237
1 -85 207
1 -201 173
1 258 -303
0 -186 -147
0 -218 -114
1 184 -246
0 132 202
0 303 277
0 96 331
1 -162 88
0 250 156
1 209 -167
1 198 -114
0 113 185
0 -203 -288
1 -240 206
1 247 -203
0 175 107
0 362 278
1 -69 202
0 -173 -232
1 148 -188
0 83 231
1 -149 187
1 -238 357
0 62 204
1 -113 136
1 200 -188
0 -179 -194
0 260 109
1 -270 221
1 211 -283
1 -175 203
0 -215 -245
1 -181 240
1 211 -216
0 -179 -141
0 173 189
0 -314 -144
1 37 -222
0 -198 -332
1 -181 284
1 217 -158
1 -250 123
0 -123 -170
1 218 -211
0 -149 -362
0 -158 -279
1 -161 213
1 224 -295
0 -286 -216
0 211 228
0 280 224
1 54 -188
1 139 -263
1 238 -215
1 239 -206
0 -156 -82
1 -368 154
0 -171 -213
0 -231 -112
1 91 -289
1 -132 199
1 -78 336
0 196 169
0 98 194
0 -81 -200
0 106 182
1 272 -254
0 306 185
1 -232 346
1 225 -387
0 -275 -142
1 164 -155
1 186 -219
0 -101 -298
0 295 140
1 -222 64
0 -280 -90
0 -165 -203
0 -246 -292
1 -176 204
1 169 -229
0 270 222
1 -344 141
0 -196 -246
0 -255 -220
0 241 131
0 -85 -180
1 160 -88
1 43 -266
0 -191 -214
1 269 -259
1 69 -199
1 189 -125
0 -205 -233
0 210 269
1 -161 134
1 184 -163
0 177 180
1 165 -144
1 -216 271
1 -185 223
1 204 -260
1 -152 248
0 -182 -222
1 273 -329
1 122 -136
1 88 -353
0 -78 -255
0 183 205
1 -152 256
0 135 62
1 -206 206
0 -119 -264
0 -201 -144
0 196 90
0 143 345
0 225 21
0 207 190
1 78 -175
1 -219 181
0 -178 -126
1 287 -83
1 101 -202
0 179 201
0 349 154
1 133 -214
0 -130 -236
0 -268 -143
0 183 220
0 122 185
0 166 265
1 -266 187
1 145 -251
1 165 -250
0 -48 -110
1 -200 273
1 200 -191
1 -180 179
0 -221 -82
0 -61 -203
0 58 227
1 201 -351
1 240 -290
1 -343 230
0 -168 -113
0 -208 -200
1 208 -156
0 -140 -90
0 82 93
0 163 193
1 -79 145
0 73 268
0 -190 -179
0 -393 -228
0 112 318
0 -222 -121
1 261 -170
0 -274 -300
0 -235 -177
1 149 -172
1 157 -189
1 242 -306
0 -378 -300
0 -243 -212
1 166 -237
0 105 47
0 178 178
0 -319 -104
0 257 151
0 -246 -229
0 258 144
1 -108 134
0 145 186
0 225 202
1 195 -183
0 -59 -292
1 -159 196
0 -158 -230
0 214 224
0 -190 -271
1 -279 212
1 130 -112
1 140 -225
1 -300 181
0 65 258
0 152 283
1 -119 277
0 -169 -292
1 325 -284
0 253 107
0 -94 -224
1 -118 279
1 69 -162
0 -185 -93
0 -209 -180
1 221 -306
0 276 225
1 -252 210
0 -96 -329
0 -258 -362
1 87 -200
0 315 187
1 241 -212
1 -180 127
1 -316 204
0 -150 -226
1 219 -182
1 -126 300
0 259 34
1 -219 381
1 -180 94
0 245 141
0 211 224
0 -250 -219
1 99 -185
1 -233 215
0 243 204
0 235 121
1 201 -265
0 310 208
1 -226 278
0 -283 -146
0 -177 -198
0 -74 -15
0 -208 -200
0 47 280
1 206 -287
0 66 300
1 -164 122
0 156 214
1 124 -161
0 -233 -229
1 -102 325
1 -201 84
1 -130 213
1 -383 224
1 112 -42
0 217 242
0 -295 -223
1 -201 220
1 238 -177
1 -137 270
0 267 108
0 -250 -159
0 289 292
0 -114 -158
0 144 121
1 -226 282
1 -227 107
0 214 256
1 -222 185
0 100 122
0 -276 -244
0 175 91
1 -173 238
0 -191 -337
1 -256 166
1 138 -225
0 42 199
1 -215 208
0 220 244
1 150 -311
0 -182 -214
0 -137 -225
0 -275 -145
1 241 -279
0 256 330
0 157 302
0 -142 -127
1 -357 252
0 47 120
1 136 -81
1 -246 263
0 184 241
1 174 -234
0 -88 -158
1 311 -226
1 207 -91
0 207 90
0 -89 -135
1 132 -210
0 -234 -211
0 211 212
0 245 137
0 204 120
1 -104 -51
0 115 172
1 193 -240
1 313 -139
0 232 179
0 -216 -231
1 281 -228
1 115 -171
1 -253 154
0 -178 -239
0 -237 -299
0 301 113
0 175 174
0 -193 -138
1 -222 134
0 149 151
0 206 282
0 252 16
0 319 189
0 -164 -109
1 191 -360
0 -331 -330
0 229 82
1 -164 158
0 306 211
1 225 -319
0 235 250
1 210 -245
1 -148 283
0 -369 -181
0 276 197
1 293 -148
1 225 -142
0 268 373
1 122 -303
1 90 -244
1 -255 249
1 -123 293
0 92 202
0 193 247
0 280 237
1 -208 195
1 104 -307
1 -143 150
1 325 -230
1 -151 206
0 55 152
1 197 -327
1 371 -193
0 -245 -206
1 -272 269
1 278 -151
1 196 -61
0 118 43
1 -159 231
0 234 245
0 237 202
1 6 213
0 -195 -239
0 -290 -225
1 -233 154
1 203 -81
0 317 173
0 215 208
1 -190 132
1 291 -311
1 200 -326
0 -225 -105
1 -267 165
1 -176 144
1 134 -222
1 265 -227
0 126 135
1 -87 147
0 -190 -206
1 -115 122
0 225 177
0 90 346
1 -312 198
0 -202 -164
0 -253 -121
0 -314 -175
0 144 158
1 148 -224
1 -330 283
1 333 -112
1 -260 264
0 183 234
1 253 -268
1 86 -136
0 -221 -159
0 217 221
1 -158 246
1 -225 211
0 -112 -234
0 -183 -286
0 281 238
0 -200 -225
1 217 -161
0 136 117
1 180 -322
1 -130 397
1 -206 175
1 157 -194
1 -234 294
0 -244 -243
0 310 236
1 186 -180
0 -215 -279
1 164 -221
0 107 192
1 199 -229
0 288 254
0 222 271
0 -120 -212
1 220 -283
0 263 200
0 -258 -208
1 -224 233
1 204 -161
1 220 -295
1 -340 134
0 73 204
0 -221 -232
1 127 -126
0 -121 -172
0 -204 -260
0 154 236
0 138 233
0 101 226
0 -180 -267
1 153 -245
1 153 -273
0 -260 -125
1 -257 271
0 -341 -193
0 -191 -290
1 136 -333
1 -343 396
1 291 -265
0 130 154
0 179 145
1 -84 209
1 -198 225
0 21 141
0 -176 -180
1 180 -114
1 -244 152
0 -152 -193
0 -204 -202
1 -230 318
1 -71 323
1 -300 51
1 166 -189
1 -100 264
1 -126 135
0 271 160
0 -106 -220
0 326 221
0 -117 -335
0 234 244
1 -63 274
0 309 148
1 196 -187
1 250 -126
0 128 60
1 -128 219
0 -122 -128
1 295 -207
0 192 240
0 93 158
0 -50 -142
0 -253 -64
0 134 160
1 -161 375
1 -156 328
0 -191 -354
1 226 -165
0 -346 -263
0 145 316
1 -165 141
0 90 152
1 -195 355
1 -256 287
1 156 -167
1 21 -128
0 -179 -214
0 321 321
0 -119 -119
0 -376 -250
0 322 145
1 92 -216
0 -132 -326
1 75 -248
1 -144 255
1 -158 134
0 -181 -147
0 -224 -318
1 277 -155
0 228 173
0 -187 -283
1 124 -241
1 -167 201
0 -90 -218
1 341 -205
1 -87 189
1 73 -264
1 210 -12
0 262 293
1 -245 236
0 -250 -251
1 -86 218
0 -143 -284
1 97 -359
1 203 -297
0 263 289
0 -355 -168
1 -304 53
0 238 251
1 218 -323
0 -12 -201
0 65 177
1 294 -170
1 -229 209
1 111 -264
0 226 49
1 -66 205
0 182 276
0 198 68
0 193 69
0 137 73
0 289 129
0 206 207
1 253 -214
1 -208 164
0 202 82
0 307 237
1 -94 59
0 -228 -73
1 265 -226
1 152 -239
1 63 -204
1 -216 160
1 254 -259
0 -212 -217
0 -166 -173
0 109 189
0 -110 -181
1 149 -248
1 -100 253
0 -271 -176
1 -137 127
0 -180 -168
1 227 -219
0 -74 -191
1 -336 260
1 189 -241
1 -267 274
1 -127 267
1 253 -278
1 -121 212
1 176 -78
1 -80 215
0 11 83
1 -93 315
0 -209 -262
0 -235 -123
0 210 136
0 -311 -257
0 -164 -308
0 335 140
0 64 117
1 200 -173
0 205 125
1 -237 202
1 80 -166
0 -305 -159
0 119 68
0 218 256
1 196 -148
1 211 -189
0 -378 -320
0 227 146
1 165 -185
1 113 -323
0 112 260
1 -159 87
0 -246 -259
0 -149 -333
1 167 -119
0 -285 -208
1 345 -261
1 115 -148
1 -247 212
1 147 -353
1 239 -140
1 -321 351
1 -189 244
1 -87 137
0 256 226
0 -254 -126
1 -251 174
0 -323 -63
0 85 244
1 -205 108
0 -168 -188
1 -199 293
0 88 150
0 60 292
0 135 216
1 275 -122
1 107 -67
1 191 -269
0 189 240
0 -109 -214
0 -218 -207
1 99 -188
1 -52 117
1 302 -344
0 -203 -171
0 -123 -110
1 -209 110
1 -172 98
1 147 -229
1 -230 241
0 -192 -219
1 102 -251
1 338 -141
1 220 -184
1 244 -277
1 -74 215
0 -229 -87
0 -138 -221
1 344 -333
1 232 -269
0 -258 -345
1 -216 353
1 167 -187
1 -150 145
0 63 149
0 -307 -153
1 133 -164
1 330 -269
1 143 -256
0 -286 -212
0 -230 -239
0 305 121
1 -180 192
0 -131 -217
0 137 139
1 219 -121
1 287 -399
0 -250 -252
0 -178 -115
0 -330 -106
0 202 143
1 -290 292
1 -243 280
0 -85 -298
0 301 220
0 -155 -118
0 -128 -204
1 -126 203
1 -107 259
0 -203 -221
0 -76 -230
1 -195 146
1 -219 220
1 -199 124
1 266 -202
1 -227 168
1 279 -208
1 -221 260
0 366 172
1 -197 366
0 -226 -260
0 -90 -277
0 -361 -126
0 -86 -314
1 -133 169
1 -333 227
0 149 163
0 156 30
1 237 -153
0 110 113
1 182 -196
1 231 -337
0 238 206
0 97 159
0 196 251
1 186 -142
0 118 190
0 -142 -229
0 197 244
1 299 -221
0 -257 -184
1 249 -41
0 -139 -206
0 -206 -240
1 203 -112
0 126 60
0 -103 -246
0 200 239
0 132 176
1 -223 301
0 -260 -277
1 -176 133
0 287 193
0 247 61
1 -245 128
1 -112 155
1 -283 151
0 -138 -115
1 113 -112
0 -180 -218
1 177 -167
1 284 -201
1 -246 164
0 -291 -280
0 69 163
1 -257 255
1 -242 207
1 328 -228
0 -176 -112
1 -67 268
0 260 156
0 261 270
0 253 333
0 -335 -230
1 -202 235
1 179 -205
0 -131 -90
1 -200 243
0 212 220
0 162 251
0 285 271
1 210 -94
1 193 -159
1 132 -210
0 225 144
0 -207 -153
0 186 163
1 182 -223
1 44 -309
0 171 243
1 203 -182
0 172 222
0 173 233
0 258 174
1 -187 139
0 -198 -336
1 -162 275
1 -227 236
0 213 197
1 265 -388
1 -163 172
0 181 110
1 225 -283
1 -371 62
1 59 -191
0 -277 -244
0 302 170
0 -91 -265
0 192 65
1 -289 114
1 -132 174
1 -361 200
1 -354 151
1 273 -293
0 -168 -87
0 -50 -137
0 349 241
0 130 217
0 234 153
1 122 -261
0 284 301
0 217 237
1 224 -83
0 321 154
0 -290 -159
0 -134 -204
1 -184 149
1 -176 287
1 -397 26
0 -240 -113
0 64 176
0 72 242
1 -105 145
0 211 199
0 230 219
1 -209 369
1 276 -224
1 150 -79
1 38 -146
0 -92 -265
1 -151 111
0 -198 -307
0 -270 -194
1 -176 134
1 -253 28
1 228 -272
0 -229 -178
0 -199 -103
1 181 -181
1 180 -221
0 -248 -46
1 171 -313
0 -225 -247
0 -203 -342
0 268 168
0 123 190
0 211 105
0 -75 -272
0 167 218
1 192 -224
1 -238 295
0 320 168
1 93 -257
0 268 289
0 -124 -220
0 197 281
0 -198 -180
1 -89 153
1 -220 243
0 -248 -235
1 150 -307
0 180 156
1 -136 309
1 -238 -19
1 240 -168
1 -160 121
0 93 199
0 -123 -160
1 257 -95
1 277 -241
1 134 -168
0 203 163
1 -286 145
1 -166 382
0 -82 -234
0 -94 -217
0 -331 -217
0 -153 -125
1 -230 276
0 -70 -269
0 232 120
0 335 334
1 224 -244
0 -165 -192
0 302 215
0 -322 -201
0 -58 -115
0 -282 -290
0 -307 -332
1 -244 135
0 217 281
0 241 266
0 248 86
0 -179 -286
1 187 13
0 137 293
1 -317 318
1 -208 273
0 315 284
0 263 300
0 221 86
1 -241 184
1 -87 187
0 -246 -331
0 -205 -318
0 298 238
1 327 -108
1 141 -214
0 225 294
1 152 -101
1 187 -220
1 71 -124
0 -242 -113
0 135 278
1 -153 174
0 127 187
0 -193 -236
0 191 236
1 130 -232
0 -299 -171
1 113 -288
0 -159 -224
1 -198 271
1 253 -168
0 -242 -200
0 128 235
0 88 156
1 222 -272
0 -119 -312
1 -184 164
0 271 163
0 211 217
1 333 -176
0 -160 -207
0 210 84
1 -235 143
0 230 257
1 -229 302
1 -353 120
0 -258 -207
1 -71 329
1 -244 223
1 -160 156
0 -245 -115
1 283 -184
0 -97 -141
1 202 -323
1 293 -131
1 304 -141
1 -197 233
0 319 133
0 156 115
1 -229 71
0 -193 -263
0 -203 -208
1 180 -229
0 -154 -183
1 209 -188
1 -227 197
0 149 154
0 -256 -333
1 -187 33
0 -161 -229
1 252 -237
0 -326 -120
1 -261 281
1 -201 185
0 -162 -119
1 -121 223
0 -129 -245
1 156 -242
0 -107 -190
0 -240 -167
0 -250 -183
0 184 238
1 -157 80
1 -170 163
1 -253 198
1 -217 94
1 234 -201
1 175 -194
1 -289 178
1 302 -318
1 223 -174
1 116 -168
0 -322 -137
1 157 -180
0 -245 -180
0 -142 -223
1 -124 173
0 -342 -11
1 -211 258
1 -200 95
0 306 117
1 -257 262
0 321 154
1 219 -87
0 276 72
0 200 185
0 -347 -257
0 -240 -223
0 211 127
0 -66 -148
0 -346 -253
0 271 289
0 120 163
0 214 86
0 219 182
1 -168 192
0 228 149
1 238 -232
1 234 -238
1 255 -179
1 -93 135
1 -82 219
1 222 -90
0 250 324
0 -236 -286
0 151 108
0 170 104
0 134 262
1 222 -167
1 235 -181
1 228 -178
1 -45 8
0 -264 -201
1 -160 198
1 -297 182
0 160 159
0 -240 -353
0 -216 -157
0 -209 -298
0 237 181
0 348 151
1 -196 212
0 -246 -182
0 236 218
0 171 311
0 -267 -238
0 109 134
1 200 -149
1 -72 233
0 -196 -89
0 -294 -24
0 170 211
0 -287 -87
0 -226 -168
1 -149 215
1 -129 247
1 271 -173
0 97 199
0 -238 -225
0 178 29
0 -371 -161
0 168 177
1 -272 156
1 -184 24
0 -217 -218
0 159 102
0 182 101
1 -288 300
1 202 -271
1 -217 221
1 -99 285
1 262 -213
1 76 -297
1 -194 212
1 320 -219
0 -189 -297
1 -253 198
0 -241 -331
0 -248 -160
1 -299 106
0 101 166
1 211 -190
1 -184 144
1 196 -276
0 277 231
0 -261 -57
1 176 -221
1 272 -244
1 197 -149
1 -264 99
0 270 209
1 169 -142
0 -170 -52
1 -299 327
0 183 275
1 183 -101
1 -112 284
0 183 159
0 144 198
0 -260 -239
0 203 137
1 -307 213
0 170 140
0 -297 -229
0 234 289
1 117 -61
1 227 -167
0 -82 -345
0 135 189
1 -238 185
1 -308 245
1 -193 292
1 -235 136
1 -112 128
0 244 146
0 -151 -235
1 221 -186
0 -139 -123
0 132 287
1 -257 198
0 -117 -110
0 284 319
0 108 228
0 149 229
0 -53 -114
1 -239 218
0 -201 -328
0 -165 -300
0 -147 -144
0 -296 -88
1 325 -208
0 -271 -90
1 -95 173
0 204 124
1 -203 113
1 157 -234
0 153 249
0 -310 -172
0 121 301
0 187 124
0 -283 -163
1 -269 236
0 144 179
0 147 273
1 114 -287
1 -195 185
1 -209 230
1 142 -244
1 199 -159
0 -124 -130
1 25 -230
1 194 -261
1 -294 149
1 145 -166
1 -190 106
1 309 -127
1 -249 202
0 -120 -237
1 281 -203
0 -106 -165
0 80 263
1 135 -208
1 -90 159
1 -244 200
0 245 180
0 238 280
0 194 84
1 254 -153
1 -224 166
0 321 126
0 138 254
1 71 -106
1 154 -217
0 132 274
0 110 144
0 258 197
0 -93 -96
1 180 -178
0 198 210
1 -174 158
1 140 -323
1 216 -156
0 -262 -186
1 -179 216
1 -230 99
0 246 141
1 318 -253
0 -156 -130
1 -171 275
0 -231 -219
0 231 322
1 127 -176
1 188 -121
0 193 225
1 263 -117
0 -170 -236
1 -193 192
0 149 160
1 152 -205
0 -304 -263
0 -102 -266
0 -214 -351
1 -146 217
1 131 -261
1 221 -166
0 -186 -195
0 166 189
1 199 -287
1 -144 258
1 -146 204
1 151 -87
0 -225 -107
0 -248 -176
0 252 291
0 168 153
0 154 60
1 230 -142
0 166 346
1 230 -287
0 222 277
1 -267 241
1 -216 311
0 202 227
1 223 -228
1 306 -226
0 178 175
0 104 215
1 -306 184
1 154 -248
1 -131 256
1 79 -116
0 -165 -242
0 -185 -234
0 -378 -287
1 220 -307
1 6 47
1 -279 225
0 -179 -82
1 -97 303
0 -194 -143
0 -245 -71
1 209 -309
0 -298 -137
0 273 224
1 -135 170
0 202 293
1 167 -249
0 277 75
0 306 284
1 -133 252
0 129 241
1 -349 101
0 -188 -344
1 289 -181
1 168 -237
0 343 168
0 144 251
0 -125 -113
1 349 -76
1 -147 148
0 -237 -127
1 -127 195
1 -242 103
0 309 334
1 -345 129
0 -275 -269
0 246 131
0 285 186
1 -181 264
0 -166 -232
1 -250 226
0 -147 -269
0 168 171
1 25 -303
1 -151 79
0 211 253
0 -242 -151
0 -201 -328
1 -165 219
0 146 171
0 51 332
1 161 -182
0 150 196
0 -131 -70
1 -205 243
0 -201 -108
1 -196 149
1 -136 300
1 224 -149
0 -148 -248
1 229 -219
0 -268 -266
0 229 156
1 268 -199
0 -136 -204
0 -180 -115
0 179 107
0 134 276
0 -99 -268
1 -52 78
1 258 -226
0 144 177
0 152 212
0 352 104
0 -321 -187
0 262 296
0 165 232
1 233 -215
1 234 -107
0 -128 -170
1 269 -256
1 -125 98
0 185 212
1 367 -185
0 93 172
0 -268 -156
0 -177 -155
0 -156 -281
0 -155 -286
0 254 103
1 153 -246
1 303 -225
0 -276 -178
1 272 -167
1 180 -222
1 199 -159
1 150 -164
1 -61 156
1 -266 75
1 -210 166
1 223 -372
1 -135 183
0 -172 -136
0 165 172
1 -303 298
1 -178 220
1 182 -181
1 -153 230
0 -193 -314
1 -288 112
0 -198 -221
0 174 131
1 269 -156
1 268 -206
1 -350 243
0 -227 -198
1 -113 95
1 -72 127
0 150 67
0 186 165
1 313 -148
1 143 -280
0 -193 -120
1 246 -291
1 108 -246
1 -272 28
0 -171 -199
1 151 -186
0 202 92
1 -149 120
0 251 285
1 235 -240
0 268 98
1 120 -203
1 130 -163
0 -197 -230
0 -375 -201
0 -268 -302
1 -305 183
0 198 173
1 -105 172
1 -61 62
1 -90 163
0 271 274
0 -189 -243
0 200 101
0 -101 -330
0 -172 -185
1 -175 179
0 268 198
0 -187 -109
1 -196 205
1 -290 243
1 -57 270
1 -226 276
1 -135 169
1 285 -204
1 -211 151
1 -217 351
1 321 -296
1 -163 82
1 -171 256
0 -238 -195
0 75 124
0 -288 -376
1 119 -225
0 -282 -175
0 -295 -348
0 93 221
0 -169 -261
0 170 146
0 -144 -174
1 -140 37
1 -167 236
1 -234 115
0 -219 -73
1 -355 260
1 -75 207
1 -169 218
0 198 224
1 -66 242
1 348 -305
1 199 -194
1 108 -223
1 233 -262
0 -316 -148
1 -282 213
1 -229 234
0 144 202
0 244 216
1 232 -230
1 -98 242
1 -348 301
0 -221 -192
1 -89 85
0 -174 -264
1 215 -265
1 -240 229
0 176 176
0 235 183
0 -218 -160
1 -254 290
1 -314 84
1 -164 315
0 156 250
0 -154 -161
0 199 156
0 -238 -159
0 276 141
1 224 -167
0 -207 -275
1 205 -64
1 354 -219
0 276 157
0 147 124
1 -297 197
1 -169 172
1 264 -97
1 164 -168
0 299 189
0 -174 -173
0 313 2
0 149 142
0 224 293
1 194 -138
0 209 317
0 -170 -264
0 -267 -170
0 -212 -181
0 -141 -221
1 300 -212
1 140 -189
0 -182 -216
0 -75 -210
1 -201 182
1 -186 156
0 186 168
0 -118 -162
1 127 -197
0 174 151
1 134 -116
0 224 168
1 237 -256
0 -187 -241
0 -275 -295
1 -230 261
0 -119 -214
1 -17 -209
0 195 132
1 243 -217
0 -255 -148
1 269 -222
1 246 -236
1 -110 293
0 -151 -174
0 339 210
0 -201 -257
0 -252 -229
0 -213 -119
0 -300 -232
1 -153 183
1 278 -69
1 119 -122
0 -148 -161
1 309 -203
1 237 -127
1 -243 174
0 -161 -212
0 -202 -213
1 -154 353
0 -122 -308
0 235 178
0 151 159
1 -291 250
0 -223 -199
0 -318 -204
0 288 290
0 238 98
0 -177 -175
0 197 119
1 -230 194
1 136 -7
0 -214 -248
1 -366 117
1 232 -282
0 110 301
1 208 -191
1 202 -164
0 -180 -240
0 -147 -228
1 -314 117
1 220 -171
1 153 -184
1 296 -248
0 -191 -100
1 -271 255
0 -101 -171
0 -317 -127
1 -124 315
0 83 84
0 242 221
1 -222 234
1 -177 133
0 -335 -274
0 176 280
1 169 -106
1 -158 300
0 299 265
0 -135 -211
1 333 -151
1 133 -213
0 251 207
1 146 -216
0 -172 -213
0 -104 -239
1 166 -279
1 239 -148
0 118 352
0 27 -177
0 -177 -192
1 -314 286
0 -277 -321
0 -77 -191
0 254 184
0 177 303
0 171 239
1 330 -84
0 -148 -209
1 -230 294
1 175 -264
1 204 -275
1 -181 108
1 169 -221
0 300 209
1 305 -345
1 -165 153
0 -283 -204
0 -158 -237
1 -25 207
1 201 -272
1 196 -122
1 218 -227
1 -231 292
1 -237 184
1 -163 85
0 255 329
0 187 212
0 16 198
0 -200 -308
0 -273 -186
0 -168 -227
1 -116 253
1 -280 238
1 -120 281
1 117 -257
0 160 142
1 -296 199
1 185 -169
0 -200 -85
0 -220 -196
1 156 -221
0 -182 -266
1 -222 106
0 -271 -284
1 -138 136
1 -204 116
1 -240 216
0 99 128
1 -40 149
1 -295 212
1 -219 219
0 298 146
0 -94 -128
0 151 177
1 217 -117
1 -274 184
1 175 -105
1 -171 254
1 -149 247
1 153 -100
1 307 -262
1 -121 197
1 200 -159
1 187 -38
1 221 -139
1 -287 187
0 -227 -296
1 317 -176
1 158 -215
0 -90 -142
0 -102 -181
0 170 166
1 -211 265
1 -157 150
0 -264 -183
1 -182 203
0 -213 -231
1 -306 99
1 273 -13
1 285 -115
0 -267 -307
1 30 -157
1 238 -18
1 -237 282
1 163 -165
1 226 -251
1 165 -61
0 -230 -297
0 247 193
0 154 265
0 189 155
1 -256 362
0 -341 -85
1 -343 234
0 208 239
0 245 228
0 -139 -107
1 237 -184
1 201 -122
1 -88 93
1 -176 127
1 192 -243
1 -255 180
0 139 140
0 53 196
0 -174 -266
1 173 -351
0 -197 -180
1 215 -305
1 -96 288
1 -248 158
1 348 -223
1 159 -225
1 -272 205
1 -250 229
1 -338 152
0 328 249
1 168 -188
0 182 166
0 212 202
0 -308 -188
0 -180 -291
1 -173 298
1 224 -187
0 -173 -155
1 138 -172
1 -146 194
0 267 202
1 282 -290
1 178 -164
0 -222 -211
0 -231 -159
1 -141 212
1 -166 262
1 153 -209
0 -247 -198
0 222 205
1 301 -342
0 351 191
1 227 -288
1 -119 223
0 156 94
0 180 177
1 -90 148
1 263 -229
1 -107 166
1 -234 112
0 258 257
1 259 -155
1 -217 346
0 337 230
1 -315 110
1 261 -324
0 272 211
0 -11 -90
1 146 -139
0 -154 -198
0 -156 -247
1 285 -231
0 177 82
1 -149 200
0 330 116
0 -160 -216
1 146 -158
0 -306 -66
1 -183 147
1 240 -115
1 207 -179
1 -178 214
1 -167 208
0 280 174
1 41 -204
1 289 -72
1 210 -172
1 278 -203
0 83 147
1 164 -247
1 70 -219
1 -194 196
1 254 -158
1 -234 161
0 271 305
1 235 -188
1 -256 256
0 67 216
1 -53 259
1 96 -346
1 -138 142
1 125 -53
1 -289 192
1 -296 221
0 290 233
1 -238 299
0 -230 -242
1 -239 184
1 83 -265
0 -235 -108
1 -250 39
1 129 -268
0 -197 -195
0 -305 -182
1 -244 225
0 -229 -241
0 106 119
1 262 -238
0 -237 -260
1 181 -243
1 -55 286
1 264 -174
1 227 -187
0 253 186
0 278 174
0 -264 -234
1 -193 85
0 165 328
0 212 183
1 -223 170
1 -174 308
1 363 -280
0 -228 -91
0 -168 -199
1 -124 257
0 220 250
0 105 173
0 -260 -123
0 246 208
0 272 137
1 216 -204
1 -204 147
1 -233 307
1 -164 214
1 -199 158
1 -333 184
1 134 -106
1 219 -328
0 266 287
1 204 -142
1 105 -197
0 28 229
1 179 -190
1 -244 188
0 -283 -186
1 381 -148
0 233 289
1 -183 136
0 -162 -192
0 -256 -289
0 243 211
0 -139 -257
0 -2 -169
1 -176 217
0 217 198
0 251 248
0 -270 -217
0 356 183
0 -218 -150
1 125 -126
1 182 -248
1 -318 75
0 260 187
0 206 288
0 219 233
1 -166 249
1 279 -142
1 111 -285
0 -232 -197
0 -284 -282
1 294 -249
0 -97 -89
0 -186 -213
1 291 -259
1 -273 121
1 196 -179
1 -239 276
0 -209 -195
0 -252 -201
1 322 -311
1 95 -218
0 173 173
1 247 -37
0 168 188
1 130 -215
0 -48 -179
0 258 303
0 -207 -138
0 -160 -224
0 -254 -144
0 -196 -227
0 206 188
0 221 216
0 132 125
1 -188 85
1 -298 276
0 -214 -295
0 203 266
1 149 -296
1 122 -238
1 136 -213
0 190 323
1 65 -46
0 132 129
0 62 120
1 -227 271
0 301 168
1 -221 89
1 89 -109
0 -162 -311
1 210 -182
1 -270 107
1 244 -359
1 204 -239
1 68 -189
1 193 -389
0 215 115
0 228 231
1 192 -254
1 220 -174
0 -146 -137
1 186 -143
0 335 171
0 -291 -208
1 -167 186
0 225 340
1 135 -75
1 -299 198
1 188 -197
0 -192 -286
0 -270 -230
1 195 -69
0 150 195
1 -215 165
0 -149 -129
1 219 -237
1 127 -293
0 284 195
1 119 -192
0 -299 -203
0 234 165
1 177 -147
0 209 285
1 194 -185
0 -200 -202
0 -283 -136
0 -191 -162
0 145 100
1 243 -105
1 -319 189
1 -271 202
0 164 213
0 -210 -258
0 118 289
0 322 231
1 93 12
0 142 274
1 161 -257
0 -96 -323
0 241 159
1 -232 18
0 239 203
0 141 244
1 260 -227
0 231 144
1 277 -181
0 -107 -194
1 236 -305
1 185 -345
1 183 -326
0 -211 -209
0 -165 -205
1 -149 135
0 112 147
1 -183 236
0 -70 -138
1 -67 225
0 -226 -116
1 -199 113
0 -271 -122
1 211 -207
0 -199 -183
0 319 98
0 -187 -142
0 145 180
1 182 -280
1 263 -239
0 68 225
1 237 -360
0 -292 -167
1 230 -218
1 186 -150
1 -123 270
0 -183 -342
1 -156 261
0 248 106
1 82 -94
1 -339 188
1 -246 172
1 -261 159
1 267 -22
0 344 81
0 -345 -296
0 280 271
1 -218 245
0 -175 -144
1 -102 180
1 -178 170
1 317 -127
0 -129 -117
0 -141 -176
1 -229 187
0 -252 -111
1 257 -138
0 -149 -250
1 120 -186
1 -270 257
0 181 296
0 314 156
0 -206 -113
1 -199 199
1 -162 323
0 -239 -259
1 255 -277
0 -252 -138
0 -128 -115
1 -243 220
0 -146 -266
1 197 -69
0 281 255
0 -260 -207
0 357 117
1 110 -134
1 -77 205
1 -245 187
1 227 -185
0 -189 -165
0 157 193
1 -179 208
0 -169 -209
0 -131 -222
1 -272 383
0 185 100
0 118 204
0 -304 -198
0 286 205
0 -249 -222
1 -356 296
1 192 -255
1 -178 153
0 150 227
1 -208 89
1 258 -49
0 -149 -128
0 170 143
1 294 -282
0 146 224
0 -78 -191
1 215 -147
0 48 148
0 -97 -131
1 -210 211
1 -203 183
1 -239 132
0 -162 -108
0 253 138
0 282 208
1 -192 257
1 -86 102
1 210 -99
1 -246 233
1 -96 168
0 322 208
0 -164 -175
0 -101 -38
1 87 -200
0 162 186
1 -240 203
1 202 -118
0 213 189
0 -94 -155
0 -243 -179
0 373 69
0 163 101
1 -189 241
0 241 169
0 -268 -239
1 -176 176
0 -220 -310
1 46 -219
1 190 -385
0 294 283
0 139 167
0 367 281
1 228 -259
0 164 246
0 262 115
1 270 -207
0 176 167
1 -257 301
1 141 -273
1 235 -223
1 -142 180
1 -237 132
1 318 -282
0 311 125
0 186 263
0 -290 -207
1 145 -188
0 107 179
1 193 -206
0 -331 -86
0 157 158
1 204 -163
0 -129 -263
1 -271 259
1 -314 211
1 -343 217
1 120 -205
0 142 330
1 -122 166
0 169 189
1 -324 240
1 196 -119
1 225 -259
1 281 -110
0 -232 -347
0 -191 -264
1 68 -192
1 118 -157
0 -245 -261
0 245 117
1 -19 165
1 185 -146
0 -178 -127
0 232 245
1 -147 234
1 -380 169
0 -195 -71
0 -371 -388
0 -282 -103
0 -242 -188
0 152 130
0 -26 -195
0 83 267
0 -70 -377
1 -108 232
1 199 -236
0 -209 -242
1 -220 182
1 190 -215
0 188 196
1 184 -216
0 93 101
0 140 246
1 131 -218
1 -243 113
0 -211 -43
0 -357 -207
1 244 -215
0 -30 -99
0 -187 -203
1 -12 260
0 -151 -246
0 -257 -173
0 -197 -132
1 -267 317
1 -218 190
0 -146 -157
1 -165 -33
1 268 -117
1 265 -80
1 -224 363
0 -239 -140
0 148 89
0 229 165
1 187 -223
1 192 -182
0 -197 -99
0 -377 -382
0 -342 -176
1 -210 184
1 182 -105
1 225 -273
0 -256 -183
1 295 -212
1 341 -106
1 -121 282
0 -217 -196
0 317 169
0 -67 -177
0 119 75
0 139 249
0 175 161
1 233 -176
0 -161 -251
0 -300 -235
1 369 -171
0 -182 -189
0 195 124
1 -148 239
1 256 -103
1 -268 258
1 99 -204
1 -98 205
1 117 -21
0 176 102
0 243 224
0 210 188
0 -116 -220
0 157 249
0 -353 -221
0 -144 -301
0 189 44
0 185 105
1 76 -258
1 -149 155
1 165 -125
0 186 252
1 -305 224
0 -167 -111
0 -194 -117
0 -267 -186
1 -131 321
0 303 160
1 -324 170
0 -226 -302
0 347 221
0 239 155
0 147 103
0 118 228
0 -310 -105
1 150 -232
1 385 -253
0 -222 -350
1 -215 140
0 307 137
0 -273 -106
1 76 -233
1 262 -235
0 208 244
0 182 184
1 -317 71
1 -292 246
1 165 -207
1 104 -179
0 -261 -141
0 291 329
0 -248 -36
0 290 271
1 -230 101
0 -301 -244
1 -71 290
1 231 -254
0 132 377
0 -270 -245
0 -124 -102
1 -88 177
1 -270 159
0 -143 -269
1 292 -225
1 -262 303
0 -119 -290
1 -296 159
1 104 -170
1 -173 175
1 115 -175
0 215 167
0 278 259
0 -231 -114
0 121 196
0 -118 -243
1 -244 226
1 180 -278
1 -171 310
1 -88 279
1 172 -195
0 -394 -162
1 122 -122
1 -185 180
0 -177 -102
0 188 334
1 150 -211
0 -194 -148
1 80 -209
0 264 258
0 -237 -202
0 125 103
1 -182 139
0 112 195
1 -78 245
1 -153 122
1 80 -200
1 286 -203
0 -231 -162
1 -125 276
0 -237 18
1 217 -322
1 -179 64
0 244 44
0 -192 -168
1 234 -215
1 -60 147
0 -233 -157
0 39 281
1 -308 211
0 -168 -193
1 -237 78
0 155 132
1 -133 67
0 -270 -236
0 226 91
0 103 238
1 -264 168
1 291 -320
1 -273 180
1 79 -175
1 -298 366
1 -130 299
0 -190 -162
0 -198 -180
0 266 218
1 -178 260
0 278 55
0 -226 -224
0 240 188
1 294 -178
0 68 295
0 -262 -82
0 -108 -140
1 186 -201
1 -177 217
0 -319 -147
0 312 67
1 -163 154
1 196 -198
0 55 230
1 141 -114
1 27 -175
0 309 259
1 202 -164
0 81 367
1 -309 269
1 212 -139
0 -162 -60
0 -312 -196
0 141 137
0 -281 -205
0 86 71
0 246 150
0 102 118
0 161 240
0 -257 -142
1 199 -176
1 -145 197
1 158 -290
0 130 299
1 118 -180
0 149 144
0 248 61
0 -232 -205
1 195 -214
1 -311 213
1 -183 91
1 246 -28
0 167 105
0 -244 -166
0 -105 -172
0 254 194
0 -244 -204
0 -28 -151
0 -186 -269
1 -102 233
1 191 -222
0 231 149
1 -122 172
0 265 168
0 -236 -355
0 228 265
0 118 354
1 -151 244
1 -186 166
1 -279 102
0 168 181
0 166 144
0 -102 -249
0 -43 -174
1 180 -196
1 134 -277
1 177 -280
1 -326 289
1 -142 293
0 224 196
0 261 192
1 -304 343
0 265 164
0 -275 -174
1 200 -133
0 -122 -212
1 177 -120
1 -165 236
1 327 -195
0 -338 -168
0 -215 -247
0 73 214
0 205 282
1 179 -83
1 -298 182
0 234 363
1 -338 190
0 -186 -152
0 -242 -129
0 234 219
0 -267 -134
1 -165 289
0 -149 -160
1 238 -262
0 -313 -184
1 -205 173
1 -169 328
0 286 199
1 -243 165
0 -61 -113
0 283 178
1 282 -257
1 -212 159
1 229 -199
0 -277 -314
1 -194 16
0 293 131
0 -113 -279
0 -215 -193
0 -194 -174
1 -136 142
0 -115 -200
1 295 -260
0 -234 -191
1 -218 304
0 124 324
1 273 -154
1 252 -237
1 145 -148
0 295 309
0 165 123
0 -199 -99
1 -243 179
0 247 159
1 99 -348
1 -185 183
1 94 -273
0 134 182
1 202 -85
1 -173 237
1 261 -213
0 216 151
1 147 -314
1 -254 207
0 -286 -352
1 -247 136
0 -248 -262
1 -137 190
1 -248 235
1 215 -169
1 266 -173
1 186 -92
1 -329 209
1 209 -157
0 -228 -285
0 258 174
1 70 -158
0 235 101
1 -246 189
1 -220 143
0 -55 -163
0 196 256
0 -175 -206
0 289 110
1 -208 137
1 268 -276
0 288 215
1 -228 203
1 -170 34
0 308 106
1 14 -300
0 -213 -155
1 302 -312
0 256 155
0 -322 -267
0 -283 -219
1 -285 232
0 152 160
1 -148 217
1 -289 68
1 241 -155
0 258 184
0 -93 -185
1 114 -85
1 -177 128
1 -223 178
0 -156 -205
1 -230 -8
0 -272 -277
0 -352 -179
0 116 292
0 187 330
0 15 302
0 177 247
1 -72 175
0 106 178
1 204 -243
0 271 232
0 125 301
1 180 -163
0 224 246
1 -105 299
1 63 -223
1 -193 209
1 -299 185
1 281 -231
0 -260 -89
0 -191 -311
1 -254 225
0 -238 -167
1 284 -198
1 313 -279
1 247 -311
0 -133 -283
1 327 -179
1 333 -185
0 -240 -112
1 247 -195
1 -105 251
0 -299 -259
0 192 272
0 197 4
1 -188 134
1 -191 211
1 -132 207
1 92 -301
0 185 284
0 -132 -84
1 226 -217
0 -205 -134
0 240 215
1 182 -63
0 197 103
1 132 -254
0 273 8
0 121 153
0 -293 -186
1 -296 291
1 -57 376
1 -274 135
1 158 -137
1 -146 317
0 164 288
1 85 -310
1 206 -156
0 -210 -181
0 -232 -126
1 274 -135
1 -239 307
1 256 -246
1 -250 192
0 77 178
0 -17 327
0 -263 -147
0 -158 -68
1 243 -143
0 -48 -81
1 -238 223
1 -293 172
1 169 -204
0 -214 -160
1 -161 268
0 -237 -175
0 -187 -330
0 177 153
0 -383 -253
1 314 -272
0 171 148
1 165 -79
0 305 198
1 -208 262
0 -268 -97
0 -140 -105
0 384 265
1 179 -263
0 376 142
1 166 -316
0 -209 -108
0 255 284
0 -212 -197
0 149 230
1 -141 182
0 -162 -197
1 -163 209
1 -213 295
1 -176 250
1 -192 182
1 -181 104
0 215 187
0 -162 -158
1 102 -161
0 196 324
0 -353 -119
0 -192 -287
0 180 368
1 231 -240
1 204 -248
0 69 296
1 217 -253
1 232 -109
0 143 157
0 244 136
0 -71 -244
1 281 -191
0 87 9
0 289 236
0 109 212
0 268 272
0 178 178
0 219 247
1 -144 141
1 160 -146
1 -130 165
0 -250 -201
0 99 157
0 184 173
0 166 72
0 -237 -292
0 -107 -230
0 240 124
1 -268 229
0 264 306
0 184 76
0 -237 -175
0 -257 -215
1 178 -104
0 -32 -60
0 -323 -117
0 129 235
0 -148 -265
0 -127 -156
1 366 -321
1 -188 127
1 -260 86
0 179 135
1 -78 273
0 203 222
0 -219 -142
1 -326 373
0 230 185
1 255 -193
0 135 137
0 -160 -159
0 -341 -230
1 282 -223
1 -183 208
0 -81 -93
1 119 -261
1 321 -138
0 -139 -150
1 334 -166
0 -222 -253
0 -308 -256
0 198 160
0 -166 -231
0 -230 -351
0 132 277
0 -187 -160
0 -227 -313
1 113 -222
0 48 150
1 291 -196
1 144 -178
0 -331 -110
0 297 186
1 -130 150
1 320 -190
0 104 185
0 -255 -290
0 -274 -244
1 308 -176
1 135 6
1 -249 185
1 269 -193
0 235 15
0 -363 -227
1 -229 38
0 147 203
0 212 212
0 234 214
1 -122 160
0 -114 -151
1 -282 233
1 -91 141
0 -228 -225
0 243 304
0 376 207
1 -196 214
1 -250 259
0 89 206
0 -247 -97
0 -193 -210
1 288 -250
1 299 -220
0 -194 -158
0 251 104
1 -249 251
0 304 149
0 -174 -272
0 -183 -219
0 -261 -369
1 231 -171
0 302 145
1 -213 143
1 -270 191
1 -136 198
1 -172 185
0 -177 -196
1 -227 246
0 -189 -266
0 -142 -179
0 -157 -16
1 -137 196
1 -317 105
0 84 193
0 -262 -73
0 236 163
0 153 293
0 -120 -63
1 -253 269
0 149 147
0 273 211
0 219 278
0 -222 -250
0 51 280
0 253 262
1 -171 320
0 233 190
0 145 126
0 -206 -244
0 131 31
0 -332 -144
1 -284 106
0 231 319
1 -276 190
0 163 280
1 282 -132
0 -233 -179
0 -220 -160
0 184 225
0 -263 -156
0 259 145
0 -88 -151
1 112 -273
1 176 -247
0 229 114
0 233 215
0 249 205
0 -245 -201
1 -225 190
0 -182 -248
0 -172 -127
1 -252 133
1 227 -298
0 -291 -100
1 -189 134
0 -159 -195
1 -305 28
0 212 225
0 -270 -271
0 -116 -154
0 -38 -273
1 -263 245
1 189 -389
1 -329 300
0 -214 -178
1 131 -31
0 174 381
0 -192 -289
0 -138 -171
0 -249 -114
0 208 168
1 -216 308
0 -274 -286
1 297 -29
0 -189 -90
1 343 -226
1 -241 85
1 168 -317
0 -304 -102
0 206 332
0 194 221
0 268 153
1 192 -215
0 -180 -178
0 -129 -129
1 -226 152
0 -220 -169
0 98 376
0 125 200
0 -270 -196
0 230 155
1 -159 302
1 179 -35
0 221 199
0 -242 -305
1 328 -143
1 216 -169
0 64 228
0 -48 -74
1 -181 294
1 -198 172
0 -223 -277
0 -56 -269
1 276 -256
0 163 222
0 281 154
0 136 97
1 -181 176
0 -238 -194
0 95 196
1 -115 258
0 -145 -111
1 -210 263
1 -320 218
0 197 141
0 -164 -254
0 -177 -224
1 261 -206
1 -283 170
0 123 223
0 202 196
1 287 -126
1 -276 237
1 -179 284
0 -257 -297
0 -139 -191
1 162 -219
1 212 -269
1 -209 270
1 177 -104
0 207 218
0 63 260
1 -138 152
0 190 115
1 230 -114
0 358 182
0 -253 -290
0 -76 -208
0 278 175
0 225 113
1 235 -240
0 151 229
1 -211 165
0 118 279
0 168 171
1 154 -97
1 -302 190
1 -113 291
1 278 -89
0 -282 -93
0 233 211
0 170 194
1 224 -358
1 -339 272
0 -329 -301
0 -291 -306
0 -145 -153
1 113 -164
0 -251 -148
0 266 132
1 110 -184
0 -243 -164
1 -287 91
1 -302 169
0 247 122
1 126 -219
0 197 160
1 -130 152
1 308 -316
0 -127 -230
0 -110 -289
0 166 334
1 245 -110
0 -143 -323
0 290 254
1 189 -95
0 -137 -189
0 369 173
1 243 -235
0 237 262
1 -228 198
1 113 -137
0 -217 -261
0 -248 -149
1 264 -344
1 254 -274
1 -257 246
1 -270 119
0 -182 -154
0 -258 -319
1 -261 232
1 -158 99
1 -302 160
0 142 184
1 -208 217
0 184 194
0 176 283
0 -227 -143
1 -271 225
1 -271 277
0 -167 -115
0 -62 -140
0 -155 -220
0 281 226
1 237 -229
1 -348 57
0 -177 -257
0 164 48
1 301 -398
0 248 270
1 220 -298
1 -132 136
0 -214 -242
1 137 -284
1 -192 79
0 -209 -221
1 281 -175
0 -286 -324
0 -185 -107
0 133 245
1 189 -312
0 293 193
0 198 216
0 -367 -282
0 272 165
1 102 -167
1 -240 130
0 93 208
1 -191 264
0 -185 -260
0 135 222
1 127 -222
1 -310 332
1 -203 177
0 -299 -294
0 -213 -39
0 -122 -175
1 176 -177
1 -92 152
1 101 -200
0 201 79
1 -263 80
0 -212 -114
1 228 -158
0 -172 -162
0 239 373
0 122 102
1 95 -333
1 -265 283
0 -263 -169
0 288 212
0 229 153
1 123 -210
1 147 -134
0 191 243
0 -274 -131
1 210 -350
1 -72 270
1 -264 262
1 72 -194
0 -73 -194
1 169 -259
0 -273 -274
0 -193 -192
0 198 133
0 361 249
0 -268 -227
0 144 126
1 248 -246
0 -345 -157
1 185 -83
1 138 -133
0 -260 -156
0 219 280
0 280 293
1 -95 253
0 249 273
0 -354 -165
1 195 -136
0 195 257
0 -258 -307
0 -219 -151
1 -334 167
0 -146 -107
0 153 163
0 -234 -112
1 -190 174
0 -194 -280
0 -366 -203
0 -190 -209
0 -189 -322
1 -200 330
0 124 322
1 173 -58
1 -195 31
0 -217 -218
0 51 99
1 200 -257
0 -241 -149
1 134 -242
1 112 -200
1 132 -227
1 166 -249
1 52 -270
1 107 -227
1 272 -324
1 -224 243
1 -310 231
0 -179 -194
1 176 -54
1 -349 99
0 -282 -201
1 210 -157
0 233 187
0 124 186
1 -288 73
0 -227 -180
0 201 307
0 230 128
1 235 -214
0 166 235
0 191 196
1 362 -240
1 -152 215
1 -233 308
0 268 133
1 112 -200
0 -257 -227
1 291 -175
0 -330 -266
1 357 -164
0 -107 -45
1 -200 214
1 144 -163
